0.0,0.008910767696909266,0.006818624586012076,0.002683615819209042,8.827683615819041e-05,0.006014215418261341,0.0031508039982616233,0.0,0.0,0.0,0.0031779661016949124,0.0,0.002824858757062146,0.0031779661016949124,0.0,0.0,0.0,0.0,0.0,0.0,0.0,0.0,0.0,0.0,0.0,0.0,0.0,0.0,0.0,0.0,0.0,0.008910767696909266,0.0,0.003248874067452819,0.004918577600531722,0.0003998421402459252,0.010468594217347943,0.0,0.0,0.0,0.003489531405782647,0.0,0.0,0.0,0.0,0.0,0.00706214689265535,0.0,0.0,0.0,0.0,0.0,0.0,0.0,0.0,0.0,0.0,0.0,0.0,0.0,0.0,0.0,0.006818624586012076,0.003248874067452819,0.0,0.018234950321449436,0.0009588690824079479,0.0038115168768814056,0.003409312293006038,0.0062208880151603625,0.003001412429378531,0.003409312293006038,0.0,0.0,0.0,0.0,0.0,0.0,0.0,0.0,0.0,0.0,0.0,0.0,0.0,0.0,0.0,0.0,0.0,0.0,0.0,0.0,0.0,0.002683615819209042,0.004918577600531722,0.018234950321449436,0.0,0.020633239171374752,0.006002065488123438,0.003426046646385626,0.0,4.708097928436336e-05,0.006026365348399244,0.008474576271186435,0.0,0.002824858757062146,0.0,0.0,0.003531073446327675,0.0,0.003013182674199622,0.0,0.0,0.0,0.0,0.0,0.0,0.0,0.0,0.0,0.0,0.0,0.0,0.0,8.827683615819041e-05,0.0003998421402459252,0.0009588690824079479,0.020633239171374752,0.0,0.003502597047566978,0.00012222946544980257,0.0032100667693888,0.0,0.006179378531073444,0.005384887005649713,0.0028248587570621456,0.005649717514124292,0.0,0.0056497175141242,0.0,0.002824858757062125,0.00282485875706214,0.0,0.0,0.0,0.0,0.0,0.0,0.0,0.0,0.0,0.0,0.0,0.0,0.0,0.006014215418261341,0.010468594217347943,0.0038115168768814056,0.006002065488123438,0.003502597047566978,0.0,0.006732696863916105,0.014832579485395223,2.8476398760697574e-05,0.0026426098049936128,0.008292327319117911,0.0030071077091306706,0.0,0.0028248587570621425,0.0,0.0,0.0,0.0,0.0,0.0,0.0028248587570621,0.0,0.0,0.0,0.0,0.0,0.0,0.0,0.0,0.0,0.0,0.0031508039982616233,0.0,0.003409312293006038,0.003426046646385626,0.00012222946544980257,0.006732696863916105,0.0,0.006183082454268893,0.0033001955671447154,0.005323772272924802,0.002498913515862668,0.003476749239461101,0.008474576271186439,0.00032594524119948075,0.0,0.0,0.0,0.0,0.0,0.0,0.0,0.0,0.0,0.0,0.0,0.0,0.0,0.0,0.0,0.0,0.0,0.0,0.0,0.0062208880151603625,0.0,0.0032100667693888,0.014832579485395223,0.006183082454268893,0.0,0.0008346173600410761,0.0003852080123266585,0.0007704160246533092,0.0032100667693888,0.0,0.0007704160246533153,0.0032100667693888,0.003531073446327675,0.0,0.0032100667693888,0.0,0.0,0.0,0.0,0.0,0.0112994350282485,0.0,0.0,0.0,0.0,0.0,0.0,0.0,0.0,0.0,0.003001412429378531,4.708097928436336e-05,0.0,2.8476398760697574e-05,0.0033001955671447154,0.0008346173600410761,0.0,0.0028248587570621417,0.0,0.00264830508474576,0.002824858757062146,0.0028248587570621425,0.0,0.0,0.0,0.00282485875706214,0.0,0.0,0.0,0.0,0.0,0.0,0.0,0.0,0.0,0.0,0.0,0.0,0.0,0.0,0.003489531405782647,0.003409312293006038,0.006026365348399244,0.006179378531073444,0.0026426098049936128,0.005323772272924802,0.0003852080123266585,0.0028248587570621417,0.0,0.008474576271186435,3.903127820947816e-18,0.002824858757062146,0.0,0.0,0.0,0.0028248587570621417,0.0,0.0042372881355932,0.0,0.0,0.0,0.0,0.0,0.0,0.0,0.0,0.0028248587570621417,0.0,0.0028248587570621417,0.0,0.0031779661016949124,0.0,0.0,0.008474576271186435,0.005384887005649713,0.008292327319117911,0.002498913515862668,0.0007704160246533092,0.0,0.008474576271186435,0.0,0.0028248587570621456,4.336808689942018e-19,0.0028248587570621425,0.0,0.0,0.0,0.00282485875706214,0.0,0.0,0.0,0.0,0.0,0.0,0.0,0.0,0.0,0.0,0.0,0.0,0.0,0.0,0.0,0.0,0.0,0.0028248587570621456,0.0030071077091306706,0.003476749239461101,0.0032100667693888,0.00264830508474576,3.903127820947816e-18,0.0028248587570621456,0.0,0.0028248587570621456,0.005649717514124291,0.0028248587570621456,0.0,0.002824858757062125,0.0,0.0,0.0,0.0,0.0,0.0,0.0,0.0,0.0,0.0,0.0,0.0,0.0,0.0,0.002824858757062146,0.0,0.0,0.002824858757062146,0.005649717514124292,0.0,0.008474576271186439,0.0,0.002824858757062146,0.002824858757062146,4.336808689942018e-19,0.0028248587570621456,0.0,0.0,0.0,0.002824858757062146,0.0,0.002824858757062146,0.0,0.0,0.0,0.0,0.0,0.0,0.0,0.0,0.0,0.0,0.0,0.0,0.0,0.0031779661016949124,0.0,0.0,0.0,0.0,0.0028248587570621425,0.00032594524119948075,0.0007704160246533153,0.0028248587570621425,0.0,0.0028248587570621425,0.005649717514124291,0.0,0.0,0.0028248587570621425,0.0,0.0,0.0,0.0042372881355932,0.0,0.0,0.0,0.0,0.0,0.0,0.0,0.0,0.0,0.0,0.0,0.0,0.0,0.0,0.0,0.0,0.0056497175141242,0.0,0.0,0.0032100667693888,0.0,0.0,0.0,0.0028248587570621456,0.0,0.0028248587570621425,0.0,0.0,0.0,0.0,0.0,0.0,0.0,0.0,0.0,0.0,0.0,0.0,0.0,0.0,0.0,0.0,0.0,0.0,0.00706214689265535,0.0,0.003531073446327675,0.0,0.0,0.0,0.003531073446327675,0.0,0.0,0.0,0.0,0.002824858757062146,0.0,0.0,0.0,0.0,0.0,0.0,0.0,0.0,0.0,0.0028248587570621,0.0,0.0,0.0,0.0,0.0,0.0,0.0,0.0,0.0,0.0,0.0,0.0,0.002824858757062125,0.0,0.0,0.0,0.0,0.0028248587570621417,0.0,0.002824858757062125,0.0,0.0,0.0,0.0,0.0,0.002824858757062125,0.0,0.0,0.0,0.0,0.0,0.0,0.0,0.0,0.0,0.0,0.0,0.0,0.0,0.0,0.0,0.0,0.003013182674199622,0.00282485875706214,0.0,0.0,0.0032100667693888,0.00282485875706214,0.0,0.00282485875706214,0.0,0.002824858757062146,0.0,0.0,0.0,0.002824858757062125,0.0,0.0,0.00282485875706214,0.0,0.0,0.0,0.0,0.0056497175141242,0.0,0.0,0.0,0.0,0.0,0.0,0.0,0.0,0.0,0.0,0.0,0.0,0.0,0.0,0.0,0.0042372881355932,0.0,0.0,0.0,0.0042372881355932,0.0,0.0,0.0,0.0,0.0,0.0,0.0,0.0028248587570621,0.0,0.0,0.0,0.0,0.0,0.0,0.0,0.0,0.0,0.0,0.0,0.0,0.0,0.0,0.0,0.0,0.0,0.0,0.0,0.0,0.0,0.0,0.0,0.0,0.0,0.0,0.00282485875706214,0.0,0.0,0.0,0.0,0.0,0.0,0.0,0.0,0.0,0.0,0.0,0.0,0.0,0.0,0.0,0.0,0.0,0.0,0.0028248587570621,0.0,0.0,0.0,0.0,0.0,0.0,0.0,0.0,0.0,0.0,0.0,0.0,0.0,0.0,0.0,0.0,0.0,0.0,0.0,0.0,0.0,0.0,0.0,0.0,0.0,0.0,0.0,0.0,0.0,0.0,0.0,0.0,0.0,0.0,0.0,0.0,0.0,0.0,0.0,0.0,0.0,0.0,0.0,0.0028248587570621,0.0,0.0,0.0,0.0,0.0,0.0,0.0,0.0,0.0,0.0,0.0,0.0,0.0,0.0,0.0,0.0,0.0,0.0,0.0,0.0,0.0,0.0,0.0,0.0,0.0,0.0,0.0,0.0028248587570621,0.0,0.0,0.0,0.0,0.0,0.0,0.0,0.0,0.0,0.0,0.0,0.0,0.0,0.0,0.0,0.0,0.0,0.0,0.0,0.0,0.0,0.0,0.0112994350282485,0.0,0.0,0.0,0.0,0.0,0.0,0.0,0.0,0.0,0.0,0.0,0.0,0.0,0.0,0.0,0.0,0.0,0.0,0.0,0.0,0.0,0.0,0.0,0.0,0.0,0.0,0.0,0.0,0.0,0.0,0.0,0.0,0.0,0.0,0.0,0.0,0.0,0.0,0.0,0.0,0.0056497175141242,0.0,0.0,0.0,0.0,0.0,0.0,0.0,0.0,0.0,0.0,0.0,0.0,0.0,0.0,0.0,0.0,0.0,0.0,0.0,0.0,0.0,0.0,0.0,0.0,0.0,0.0,0.0,0.0,0.0,0.0,0.0,0.0,0.0,0.0,0.0,0.0,0.0,0.0,0.0,0.0,0.0,0.0,0.0,0.0,0.0,0.0,0.0,0.0,0.0,0.0,0.0,0.0,0.0,0.0,0.0,0.0,0.0,0.0,0.0,0.0,0.0,0.0,0.0,0.0,0.0,0.0,0.0,0.0,0.0,0.0,0.0,0.0,0.0,0.0,0.0,0.0,0.0,0.0,0.0,0.0,0.0,0.0,0.0,0.0,0.0028248587570621417,0.0,0.0,0.0,0.0,0.0,0.0,0.0,0.0,0.0,0.0,0.0,0.0,0.0,0.0,0.0,0.0,0.0,0.0,0.0,0.0,0.0,0.0,0.0,0.0,0.0,0.0,0.0,0.0,0.0,0.0,0.0,0.0,0.0,0.0,0.0,0.0,0.0,0.0,0.0,0.0,0.0,0.0,0.0,0.0,0.0,0.0,0.0,0.0,0.0,0.0,0.0,0.0,0.0,0.0,0.0,0.0,0.0,0.0,0.0,0.0,0.0,0.0028248587570621417,0.0,0.0,0.0,0.0,0.0,0.0,0.0,0.0,0.0,0.0,0.0,0.0,0.0,0.0,0.0,0.0,0.0,0.0,0.0,0.0,0.0,0.0,0.0,0.0,0.0,0.0,0.0,0.0,0.0,0.0,0.0,0.0,0.0,0.0,0.0,0.0,0.0,0.0,0.0,0.0,0.0,0.0,0.0,0.0,0.0,0.0,0.0,0.0,0.0,0.0,0.0,0.0
0.0,0.0012186629526462472,0.0029181589070168433,0.0022521187696319493,0.0016713091922005551,0.003207563096142482,0.0,0.0037140204271123465,0.003038743985819191,0.0,0.0,0.0,0.0,0.0,0.0,0.0,0.0037140204271123465,0.0,0.0,0.0,0.0,0.0,0.0,0.0,0.0,0.0,0.0,0.0,0.0,0.0027855153203342,0.0,0.0012186629526462472,0.0,0.013206327099084734,0.005926628341136727,0.0,0.0,0.003307799442896931,0.0,0.0,0.0,0.0,0.0,0.0,0.0,0.0,0.0,0.0,0.0032497678737232996,0.0,0.0,0.0,0.0,0.0,0.0,0.0,0.0,0.0,0.0,0.0,0.0,0.0,0.0029181589070168433,0.013206327099084734,0.0,0.004868301851648035,0.002997745059026396,0.00010852657092211282,0.0038466640137949327,0.0,0.003038743985819191,0.0,0.0,0.003316089667064595,0.0,0.0,0.0,0.0,0.0,0.0,0.0,0.0,0.0,0.0,0.0,0.0,0.0,0.0,0.0,0.0,0.0,0.0,0.0,0.0022521187696319493,0.005926628341136727,0.004868301851648035,0.0,0.017720618739998792,0.01948962750242901,0.0011966144841152257,0.003047980289727451,0.006152917786889209,0.003183446080382007,0.003017641597028783,0.005926628341136727,0.0029633141705683636,0.0,0.0,0.0029633141705683636,0.0,0.0,0.0,0.0,0.0,0.0,0.0,0.0,0.0,0.0,0.0,0.0,0.0,0.0,0.0,0.0016713091922005551,0.0,0.002997745059026396,0.017720618739998792,0.0,0.006111251793703042,0.0020692399522483137,0.006831144714153069,0.0029205706085928865,0.0,0.0031569173630454955,0.00037140204271124107,0.0,0.0,0.0031569173630454955,0.0,0.0,0.0,0.0,0.0,0.0,0.0,0.0,0.0,0.0,0.0,0.0,0.0,0.0,0.0,0.0,0.003207563096142482,0.0,0.00010852657092211282,0.01948962750242901,0.006111251793703042,0.0,0.006403067684404736,0.005522796609147578,0.003545201316789065,0.006366892160764014,0.0033974845952561812,0.003207563096142482,0.0027011057651726306,0.003207563096142482,0.0,0.0,0.0,0.003207563096142482,0.0,0.0,0.0,0.0,0.0,0.0,0.0,0.0,0.0,0.0,0.0,0.0,0.0,0.0,0.003307799442896931,0.0038466640137949327,0.0011966144841152257,0.0020692399522483137,0.006403067684404736,0.0,0.0025865499403103925,0.004461647915686899,0.00955033824114602,0.00905292479108635,0.0010611486934606782,0.0,0.0,0.0,0.0,0.0,0.0,0.00278551532033425,0.0,0.0,0.0,0.0,0.0,0.0,0.0,0.0,0.0,0.0,0.0038466640137949327,0.0,0.0037140204271123465,0.0,0.0,0.003047980289727451,0.006831144714153069,0.005522796609147578,0.0025865499403103925,0.0,0.0031472705567413013,0.005571030640668528,0.008953442101074406,0.0025865499403103735,0.0029844807003581355,0.00019896538002387885,0.002785515320334233,0.0,0.0,0.0,0.0029844807003581355,0.0,0.0,0.0,0.0,0.0,0.0,0.0,0.0,0.0,0.0,0.0,0.0,0.003038743985819191,0.0,0.003038743985819191,0.006152917786889209,0.0029205706085928865,0.003545201316789065,0.004461647915686899,0.0031472705567413013,0.0,0.006366892160764014,2.1102388790408128e-05,0.002532286654849318,0.003038743985819191,0.0,0.002785515320334233,0.0,0.0011395289946821586,0.0,0.0,0.0,0.0,0.0,0.0,0.0,0.0,0.0,0.0,0.0,0.0,0.0,0.0,0.0,0.0,0.0,0.003183446080382007,0.0,0.006366892160764014,0.00955033824114602,0.005571030640668528,0.006366892160764014,0.0,0.00033160896670644813,0.0,0.0,0.00039793076004775033,0.002785515320334233,0.0,0.0,0.0,0.0,0.0,0.0,0.0,0.0,0.0,0.0,0.0,0.0,0.0,0.0,0.0,0.0,0.0,0.0,0.0,0.003017641597028783,0.0031569173630454955,0.0033974845952561812,0.00905292479108635,0.008953442101074406,2.1102388790408128e-05,0.00033160896670644813,0.0,0.0,0.0,0.003249767873723309,0.003017641597028783,0.0,0.0,0.0032497678737232996,0.0,0.0,0.0,0.0,0.0,0.0,0.0,0.0,0.0,0.0,0.0,0.0,0.0,0.0,0.0,0.003316089667064595,0.005926628341136727,0.00037140204271124107,0.003207563096142482,0.0010611486934606782,0.0025865499403103735,0.002532286654849318,0.0,0.0,0.0,0.000928505106778079,0.0,0.0,0.0,0.005571030640668509,0.0,0.0,0.0,0.0027855153203342545,0.0,0.0,0.0,0.0,0.0,0.0,0.0,0.0,0.0,0.0027855153203342545,0.0,0.0,0.0,0.0029633141705683636,0.0,0.0027011057651726306,0.0,0.0029844807003581355,0.003038743985819191,0.0,0.0,0.000928505106778079,0.0,0.0027855153203342566,0.0,0.0,0.0,0.0032497678737232996,0.0037140204271123335,0.0,0.0,0.0,0.0,0.0,0.0,0.0,0.0,0.0,0.0,0.0,0.0,0.0,0.0,0.0,0.0,0.0,0.003207563096142482,0.0,0.00019896538002387885,0.0,0.00039793076004775033,0.003249767873723309,0.0,0.0027855153203342566,0.0,0.0,0.0027855153203342566,0.0013927576601671637,0.0,0.0,0.0,0.0,0.0,0.0,0.0,0.0,0.0,0.0,0.0,0.0,0.0,0.0,0.0,0.0,0.0,0.0,0.0031569173630454955,0.0,0.0,0.002785515320334233,0.002785515320334233,0.002785515320334233,0.003017641597028783,0.0,0.0,0.0,0.0,0.0,0.0,0.0,0.0,0.0,0.0,0.0,0.0,0.0,0.0,0.0,0.0,0.0,0.0,0.0,0.0,0.0,0.0,0.0,0.0029633141705683636,0.0,0.0,0.0,0.0,0.0,0.0,0.0,0.0,0.0,0.0027855153203342566,0.0,0.0,0.0,0.0,0.0,0.00278551532033425,0.0,0.0,0.0,0.0,0.0,0.0,0.0,0.0,0.0,0.0,0.0,0.0037140204271123465,0.0,0.0,0.0,0.0,0.0,0.0,0.0,0.0011395289946821586,0.0,0.0,0.005571030640668509,0.0,0.0013927576601671637,0.0,0.0,0.0,0.0032497678737232996,0.00278551532033425,0.0,0.0,0.0,0.0,0.0,0.0,0.0,0.0,0.0,0.0,0.0,0.0,0.0,0.0032497678737232996,0.0,0.0,0.0,0.003207563096142482,0.0,0.0,0.0,0.0,0.0032497678737232996,0.0,0.0032497678737232996,0.0,0.0,0.0,0.0032497678737232996,0.0,0.0,0.0,0.0032497678737232996,0.0,0.0,0.0,0.0,0.0032497678737232996,0.0,0.0,0.0,0.0,0.0,0.0,0.0,0.0,0.0,0.0,0.0,0.00278551532033425,0.0029844807003581355,0.0,0.0,0.0,0.0,0.0037140204271123335,0.0,0.0,0.0,0.00278551532033425,0.0,0.0,0.0,0.0,0.0,0.0,0.0,0.0,0.0,0.0,0.0,0.0,0.0,0.0,0.0,0.0,0.0,0.0,0.0,0.0,0.0,0.0,0.0,0.0,0.0,0.0,0.0,0.0,0.0,0.00278551532033425,0.0,0.0,0.0,0.0,0.0,0.00278551532033425,0.0027855153203342,0.0,0.00278551532033425,0.0,0.0,0.0,0.0,0.0,0.0,0.0,0.0,0.0,0.0,0.0,0.0,0.0,0.0,0.0,0.0,0.0,0.0027855153203342545,0.0,0.0,0.0,0.0,0.0,0.0032497678737232996,0.0,0.0,0.0,0.0,0.0,0.0,0.0,0.0,0.0,0.0027855153203342,0.0,0.0,0.0,0.0,0.0,0.0,0.0,0.0,0.0,0.0,0.0,0.0,0.0,0.0,0.0,0.0,0.0,0.0,0.0,0.0,0.0,0.0,0.00278551532033425,0.0,0.0,0.0,0.0,0.0,0.0,0.0,0.0,0.0,0.0,0.0,0.0,0.0,0.0,0.0,0.0,0.0,0.0,0.0,0.0,0.0,0.0,0.0,0.0,0.0,0.0,0.0,0.0,0.0,0.0,0.0027855153203342,0.0,0.0,0.0,0.0,0.0,0.0,0.0,0.0,0.0,0.0,0.0,0.0,0.0,0.0,0.0,0.0,0.0,0.0,0.0,0.0,0.0,0.0,0.0,0.0,0.0,0.0,0.0,0.0,0.0,0.0,0.0,0.0,0.0,0.0,0.0,0.0,0.0,0.0,0.0,0.0,0.0,0.0,0.0,0.0,0.0,0.0,0.0,0.0,0.0,0.0,0.0,0.0,0.0,0.0,0.0,0.0,0.0,0.0,0.0,0.0,0.0,0.00278551532033425,0.0,0.0,0.0,0.0,0.0,0.0,0.0,0.0,0.0,0.0,0.0,0.0,0.0,0.0,0.0,0.0,0.0,0.0,0.0,0.0,0.0,0.0,0.0,0.0,0.0,0.0,0.0,0.0,0.0032497678737232996,0.0,0.0,0.0,0.0,0.0,0.0,0.0,0.0,0.0,0.0,0.0,0.0,0.0,0.0,0.0,0.0,0.0,0.0,0.0,0.0,0.0,0.0,0.0,0.0,0.0,0.0,0.0,0.0,0.0,0.0,0.0,0.0,0.0,0.0,0.0,0.0,0.0,0.0,0.0,0.0,0.0,0.0,0.0,0.0,0.0,0.0,0.0,0.0,0.0,0.0,0.0,0.0,0.0,0.0,0.0,0.0,0.0,0.0,0.0,0.0,0.0,0.0,0.0,0.0,0.0027855153203342,0.0,0.0,0.0,0.0,0.0,0.0,0.0,0.0,0.0,0.0,0.0,0.0,0.0,0.0,0.0,0.0,0.0,0.0,0.0,0.0,0.0,0.0,0.0,0.0,0.0,0.0,0.0,0.0,0.0,0.0,0.0,0.0,0.0,0.0,0.0,0.0,0.0,0.0,0.0,0.0,0.0,0.0027855153203342,0.0,0.0,0.0,0.0,0.0,0.0038466640137949327,0.0,0.0,0.0,0.0,0.0,0.0,0.0,0.0,0.0,0.0,0.0,0.0,0.0,0.0,0.0,0.0,0.0,0.0,0.0,0.0,0.0,0.0,0.0,0.0,0.0,0.0,0.0,0.0,0.0,0.0,0.0,0.0,0.0,0.0,0.0,0.0027855153203342545,0.0,0.0,0.0,0.0,0.0,0.0,0.0,0.0,0.0,0.0,0.0,0.0,0.0,0.0,0.0,0.0,0.0,0.0,0.0
0.0,0.006597077244258863,0.004558916347040826,0.0001623753189515225,0.0004031387229141096,9.824389045806495e-05,0.0019859750548685846,0.0045929018789143995,0.00250521920668058,0.002435629784272783,0.0022964509394571998,0.0022964509394571998,0.0,0.0,0.0,0.0,0.0,0.0,0.0022964509394571998,0.0,0.0,0.0,0.0,0.0,0.0,0.0020876826722338,0.0,0.0,0.0,0.0,0.0,0.006597077244258863,0.0,0.006733019371753161,0.009088378566457896,0.0033748470232524636,0.01294363256784968,0.0,0.002588726513569936,0.00018789144050104616,0.002588726513569936,0.0023486430062630436,0.0,0.0,0.0,0.0,0.0,0.0,0.0,0.0,0.0,0.0,0.0,0.0,0.0,0.0,0.0,0.0,0.0,0.0,0.0,0.0,0.004558916347040826,0.006733019371753161,0.0,0.007510532817616381,0.010265137373537814,0.0068627926968233425,0.005039319890997313,0.0023304364713307743,0.0,0.00010519331294200863,0.0,0.0,0.0,0.0023304364713307743,0.0,0.0,0.0,0.0,0.0,0.0023304364713307743,0.0,0.0,0.0023304364713307743,0.0,0.0,0.0,0.0,0.0,0.0,0.0,0.0,0.0001623753189515225,0.009088378566457896,0.007510532817616381,0.0,0.007872803333893244,0.018969940098516783,0.017589172599611007,0.0141208536302482,0.009510554395731844,0.002319647413593139,2.899559266991746e-05,0.0045549440121465095,0.0,0.00250521920668058,0.0,0.0,0.00028995592669914987,0.0,0.002377638598932961,0.0,0.0,0.0,0.0,0.0,0.0,0.0,0.0,0.0,0.0,0.0,0.0,0.0004031387229141096,0.0033748470232524636,0.010265137373537814,0.007872803333893244,0.0,0.0008024662604225255,0.013228450813937816,0.003737431910349632,0.00041033762868043517,0.00878266503491469,0.0021956662587286724,0.006505193028841435,0.0,0.0,0.0,0.0021956662587286724,0.0,0.0,0.0,0.0,0.0,0.0,0.0,0.0,0.0,0.0,0.0,0.0,0.0,0.0,0.0,9.824389045806495e-05,0.01294363256784968,0.0068627926968233425,0.018969940098516783,0.0008024662604225255,0.0,0.0012674091637618623,0.00025584346473452816,0.01436816897949159,0.0023946948299152647,0.004789389659830529,0.0,0.0023946948299152647,0.0,0.0,0.0,0.0,0.0,0.0,0.0,0.0,0.0,0.0,0.0,0.0,0.0,0.0,0.0,0.0,0.0,0.0,0.0019859750548685846,0.0,0.005039319890997313,0.017589172599611007,0.013228450813937816,0.0012674091637618623,0.0,0.0013784058669236198,0.005904394839676681,0.0018467962100530014,0.008564851988651569,0.0024137310149836173,0.0023859230539814997,0.004282425994325784,0.0020876826722338203,0.002141212997162892,0.0,0.0,0.0,0.002141212997162892,0.0,0.002141212997162892,0.0,0.002141212997162892,0.0,0.0,0.0,0.0,0.0,0.0,0.0,0.0045929018789143995,0.002588726513569936,0.0023304364713307743,0.0141208536302482,0.003737431910349632,0.00025584346473452816,0.0013784058669236198,0.0,0.007567849686847587,0.005132219902574804,0.010090466249130115,0.0004902891124185481,0.002659310070583558,1.7397355601948654e-05,0.002522616562282529,0.0,0.004175365344467622,0.0,0.0,0.0,0.0,0.0,0.0,0.0,0.0,0.0,0.0,0.0,0.0,0.0,0.0,0.00250521920668058,0.00018789144050104616,0.0,0.009510554395731844,0.00041033762868043517,0.01436816897949159,0.005904394839676681,0.007567849686847587,0.0,0.007167710508002777,0.006993736951983284,0.0,0.00240083507306889,0.00010438413361169019,0.00480167014613778,0.0003131524008350901,0.0,0.0,0.0,0.0,0.0,0.0020876826722338,0.0,0.00240083507306889,0.0,0.0,0.0,0.0,0.0,0.0020876826722338,0.0,0.002435629784272783,0.002588726513569936,0.00010519331294200863,0.002319647413593139,0.00878266503491469,0.0023946948299152647,0.0018467962100530014,0.005132219902574804,0.007167710508002777,0.0,0.002261656228253304,0.00015815777819952817,0.0023859230539814997,0.004871259568545566,0.0020876826722338203,0.0,0.002435629784272783,0.0,0.0,0.0,0.0,0.0,0.0,0.0020876826722338,0.0020876826722338,0.0,0.0,0.0,0.0,0.0,0.0,0.0022964509394571998,0.0023486430062630436,0.0,2.899559266991746e-05,0.0021956662587286724,0.004789389659830529,0.008564851988651569,0.010090466249130115,0.006993736951983284,0.002261656228253304,0.0,0.0022774720060732547,0.0023859230539814997,0.00015657620041753658,0.002609603340292267,0.0023486430062630436,0.002087682672233811,0.0023486430062630436,0.0,0.0,0.0020876826722338,0.0023486430062630436,0.0,0.0,0.0,0.0,0.0,0.0,0.0,0.0,0.0,0.0022964509394571998,0.0,0.0,0.0045549440121465095,0.006505193028841435,0.0,0.0024137310149836173,0.0004902891124185481,0.0,0.00015815777819952817,0.0022774720060732547,0.0,0.0022774720060732547,0.0,0.0,0.0,0.004175365344467622,0.0,0.0022774720060732547,0.0,0.0020876826722338,0.0,0.0,0.0,0.0,0.0,0.0,0.0,0.0,0.0,0.0,0.0,0.0,0.0,0.0,0.0,0.0023946948299152647,0.0023859230539814997,0.002659310070583558,0.00240083507306889,0.0023859230539814997,0.0023859230539814997,0.0022774720060732547,0.0,0.0,0.0020876826722338203,0.0023859230539814997,0.002087682672233811,0.0,0.0,0.0,0.0,0.0,0.0023859230539814997,0.0,0.0,0.0,0.0,0.0,0.0,0.0,0.0,0.0,0.0,0.0023304364713307743,0.00250521920668058,0.0,0.0,0.004282425994325784,1.7397355601948654e-05,0.00010438413361169019,0.004871259568545566,0.00015657620041753658,0.0,0.0,0.0,0.0020876826722338203,0.0,0.002087682672233811,0.0,0.0,0.0,0.0,0.0,0.0,0.0,0.0,0.0,0.0,0.0,0.0,0.0,0.0,0.0,0.0,0.0,0.0,0.0,0.0,0.0020876826722338203,0.002522616562282529,0.00480167014613778,0.0020876826722338203,0.002609603340292267,0.0,0.0020876826722338203,0.0020876826722338203,0.0,0.0,0.0,0.0,0.0,0.0,0.0,0.0,0.0,0.0,0.0,0.0,0.0,0.0,0.0,0.0,0.0,0.0,0.0,0.0,0.0,0.0021956662587286724,0.0,0.002141212997162892,0.0,0.0003131524008350901,0.0,0.0023486430062630436,0.0,0.0023859230539814997,0.0,0.0,0.0,0.0,0.0,0.0,0.0,0.0,0.0020876826722338,0.0,0.0,0.0020876826722338,0.0,0.0,0.0,0.0,0.0,0.0,0.0,0.0,0.0,0.00028995592669914987,0.0,0.0,0.0,0.004175365344467622,0.0,0.002435629784272783,0.002087682672233811,0.004175365344467622,0.002087682672233811,0.002087682672233811,0.0,0.0,0.0,0.0,0.0,0.002087682672233811,0.0,0.0,0.0,0.0,0.0020876826722338,0.0,0.0,0.0,0.0,0.0,0.0,0.0,0.0,0.0,0.0,0.0,0.0,0.0,0.0,0.0,0.0,0.0023486430062630436,0.0,0.0,0.0,0.0,0.0,0.0,0.0,0.0,0.0,0.0020876826722338,0.0,0.0,0.0,0.0,0.0,0.0,0.0,0.0,0.0,0.0,0.0022964509394571998,0.0,0.0,0.002377638598932961,0.0,0.0,0.0,0.0,0.0,0.0,0.0,0.0022774720060732547,0.0,0.0,0.0,0.0,0.0,0.0,0.0,0.0020876826722338,0.0,0.0,0.0,0.0,0.0,0.0,0.0,0.0,0.0,0.0,0.0,0.0,0.0,0.0023304364713307743,0.0,0.0,0.0,0.002141212997162892,0.0,0.0,0.0,0.0,0.0,0.0,0.0,0.0,0.0,0.002087682672233811,0.0,0.0020876826722338,0.0,0.0,0.0020876826722338,0.0,0.0,0.0,0.0,0.0,0.0,0.0,0.0,0.0,0.0,0.0,0.0,0.0,0.0,0.0,0.0,0.0,0.0,0.0,0.0020876826722338,0.0020876826722338,0.0,0.0,0.0,0.0,0.0,0.0020876826722338,0.0,0.0,0.0,0.0,0.0,0.0,0.0,0.0,0.0,0.0,0.0,0.0020876826722338,0.0,0.0,0.0,0.0,0.0,0.0,0.0,0.002141212997162892,0.0,0.0020876826722338,0.0,0.0023486430062630436,0.0,0.0,0.0,0.0,0.0020876826722338,0.0,0.0,0.0,0.0020876826722338,0.0,0.0,0.0,0.0,0.0,0.0,0.0,0.0,0.0,0.0,0.0,0.0,0.0,0.0023304364713307743,0.0,0.0,0.0,0.0,0.0,0.0,0.0,0.0,0.0,0.0023859230539814997,0.0,0.0,0.0,0.0,0.0,0.0,0.0,0.0,0.0,0.0,0.0,0.0,0.0,0.0,0.0,0.0,0.0,0.0,0.0,0.0,0.0,0.0,0.0,0.0,0.002141212997162892,0.0,0.00240083507306889,0.0020876826722338,0.0,0.0,0.0,0.0,0.0,0.0,0.0,0.0,0.0,0.0,0.0,0.0,0.0,0.0,0.0,0.0,0.0,0.0,0.0,0.0,0.0,0.0,0.0,0.0,0.0,0.0,0.0,0.0,0.0,0.0,0.0020876826722338,0.0,0.0,0.0,0.0,0.0,0.0020876826722338,0.0020876826722338,0.0,0.0,0.0,0.0,0.0,0.0,0.0,0.0,0.0,0.0,0.0,0.0,0.0,0.0020876826722338,0.0020876826722338,0.0,0.0,0.0,0.0,0.0,0.0,0.0,0.0,0.0,0.0,0.0,0.0,0.0,0.0,0.0,0.0,0.0,0.0,0.0,0.0,0.0,0.0,0.0,0.0,0.0,0.0,0.0,0.0,0.0,0.0,0.0,0.0,0.0,0.0,0.0,0.0,0.0,0.0,0.0,0.0,0.0,0.0,0.0,0.0,0.0,0.0,0.0,0.0,0.0,0.0,0.0,0.0,0.0,0.0,0.0,0.0,0.0,0.0,0.0,0.0,0.0,0.0,0.0,0.0,0.0,0.0,0.0,0.0,0.0,0.0,0.0,0.0,0.0,0.0,0.0,0.0,0.0,0.0,0.0,0.0,0.0,0.0,0.0,0.0,0.0,0.0,0.0,0.0,0.0,0.0,0.0,0.0,0.0,0.0,0.0,0.0,0.0,0.0,0.0,0.0,0.0,0.0,0.0,0.0,0.0,0.0,0.0,0.0,0.0,0.0,0.0,0.0,0.0,0.0,0.0,0.0,0.0,0.0,0.0,0.0,0.0,0.0,0.0,0.0,0.0,0.0,0.0,0.0,0.0,0.0,0.0,0.0020876826722338,0.0,0.0,0.0,0.0,0.0,0.0,0.0,0.0,0.0,0.0,0.0,0.0020876826722338,0.0,0.0,0.0,0.0,0.0,0.0,0.0,0.0,0.0,0.0,0.0,0.0,0.0,0.0,0.0,0.0,0.0,0.0,0.0,0.0,0.0,0.0,0.0,0.0,0.0,0.0,0.0,0.0,0.0,0.0,0.0,0.0,0.0,0.0,0.0020876826722338,0.0,0.0,0.0,0.0,0.0,0.0
0.0,0.007050814490639422,0.009010168618869859,0.013825343147006161,0.0046308075924889405,0.014277899343544845,0.006564551422319474,0.0026744468757597846,0.00656455142231947,0.0021881838074398223,0.006564551422319465,0.01137855579868708,0.00547045951859955,0.00437636761487965,2.168404344971009e-18,0.002188183807439811,0.0021881838074397997,0.0,0.002917578409919766,0.0,0.0,0.0,0.004376367614879599,0.0,0.0043763676148796,0.0,0.0,0.0,0.0,0.0,0.0,0.007050814490639422,0.0,0.000100112984654099,0.004501617193083264,0.0022089159537635483,0.004704595185995621,8.104384471998996e-05,0.002269227652159815,0.002188183807439823,0.0,0.002269227652159815,0.0,0.0,0.0,0.0,0.0,0.0,0.0,0.0,0.0,0.0,0.0,0.0,0.0,0.0,0.0,0.0,0.0,0.0,0.0,0.0,0.009010168618869859,0.000100112984654099,0.0,0.00879954130050666,0.002212131099450115,0.007156648217273777,0.00019307504183292083,0.0,0.004376367614879646,6.435834727764244e-05,0.0,0.0,0.0,0.0,0.0,0.0,0.0,0.0,0.0,0.0,0.0,0.0,0.0,0.0,0.0,0.0,0.0,0.0,0.0,0.0,0.0,0.013825343147006161,0.004501617193083264,0.00879954130050666,0.0,0.008956287211846726,0.01594887606922617,0.002486572508454343,0.0027186526092434155,0.0,0.0001989258006763507,0.0,0.0005569922418937725,0.0,0.0,0.0,0.0,0.0,0.0,0.0,0.0,0.0,0.0,0.0,0.0,0.0,0.0,0.0,0.0,0.0,0.0,0.0,0.0046308075924889405,0.0022089159537635483,0.002212131099450115,0.008956287211846726,0.0,0.0016729428527810387,0.006818991399928757,0.0005767306159143665,0.00015266398656557396,0.0043763676148796445,0.0022390718029616816,0.0,0.002735229759299775,0.0022390718029616816,0.00218818380743982,0.0,0.0,0.0,0.0,0.0,0.0,0.00218818380743982,0.0,0.0,0.0,0.0,0.0,0.0,0.0,0.0,0.0,0.014277899343544845,0.004704595185995621,0.007156648217273777,0.01594887606922617,0.0016729428527810387,0.0,0.008424507658643327,0.0021152443471918305,0.004868708971553606,0.0023522975929978103,0.00016411378555798847,0.00284463894967177,0.00547045951859955,0.0,0.00218818380743982,0.0021881838074398166,0.0,0.0,0.0,0.0,0.0,0.0023522975929978103,0.0,0.0023522975929978103,0.0,0.0,0.0,0.0,0.0,0.0,0.0,0.006564551422319474,8.104384471998996e-05,0.00019307504183292083,0.002486572508454343,0.006818991399928757,0.008424507658643327,0.0,0.008266472161439324,6.938893903907228e-18,0.004376367614879655,0.00437636761487964,0.0,0.0016411378555798747,0.002188183807439825,0.0,0.002188183807439825,0.0,0.0,0.0,0.0,0.0,0.0,0.0,0.0,0.0,0.0,0.0,0.0,0.0,0.0,0.0,0.0026744468757597846,0.002269227652159815,0.0,0.0027186526092434155,0.0005767306159143665,0.0021152443471918305,0.008266472161439324,0.0,0.004376367614879646,0.0014587892049598783,0.0024313153415998034,0.00041332360807196664,0.0,0.0,0.0,0.0,0.0,0.0,0.0,0.0,0.0,0.0024313153415998034,0.0,0.0,0.0,0.0,0.0,0.0,0.0,0.0,0.0,0.00656455142231947,0.002188183807439823,0.004376367614879646,0.0,0.00015266398656557396,0.004868708971553606,6.938893903907228e-18,0.004376367614879646,0.0,0.006564551422319475,0.004376367614879641,0.0006564551422319469,0.002188183807439823,0.00437636761487965,0.002188183807439823,0.002188183807439823,0.0,0.0,0.0,0.0,0.0,0.0,0.0,0.0,0.0,0.0,0.0,0.0,0.0021881838074398,0.0,0.0,0.0021881838074398223,0.0,6.435834727764244e-05,0.0001989258006763507,0.0043763676148796445,0.0023522975929978103,0.004376367614879655,0.0014587892049598783,0.006564551422319475,0.0,8.673617379884035e-19,0.0043763676148796445,0.0021881838074398223,5.204170427930421e-18,0.0021881838074398223,0.0,0.0,0.0,0.0,0.0,0.0,0.0,0.0021881838074398223,0.0,0.0,0.0,0.0,0.0,0.0,0.0,0.0,0.006564551422319465,0.002269227652159815,0.0,0.0,0.0022390718029616816,0.00016411378555798847,0.00437636761487964,0.0024313153415998034,0.004376367614879641,8.673617379884035e-19,0.0,0.004376367614879644,0.002188183807439822,0.004376367614879644,0.002188183807439822,0.004376367614879633,0.0,0.0,0.002188183807439822,0.0,0.0,0.0,0.0,0.0,0.0,0.0,0.0,0.0,0.0,0.0,0.0,0.01137855579868708,0.0,0.0,0.0005569922418937725,0.0,0.00284463894967177,0.0,0.00041332360807196664,0.0006564551422319469,0.0043763676148796445,0.004376367614879644,0.0,0.0,0.002188183807439825,0.0,0.0006564551422319534,0.0,0.00284463894967177,0.0,0.0065645514223194,0.0,0.0,0.0,0.0,0.0,0.0,0.0,0.0,0.0,0.0,0.0,0.00547045951859955,0.0,0.0,0.0,0.002735229759299775,0.00547045951859955,0.0016411378555798747,0.0,0.002188183807439823,0.0021881838074398223,0.002188183807439822,0.0,0.0,0.002735229759299775,0.00218818380743982,0.0,0.0021881838074397997,0.0,0.0,0.0,0.0,0.0,0.0,0.0032822757111597,0.0,0.0,0.0,0.0,0.0,0.0,0.0,0.00437636761487965,0.0,0.0,0.0,0.0022390718029616816,0.0,0.002188183807439825,0.0,0.00437636761487965,5.204170427930421e-18,0.004376367614879644,0.002188183807439825,0.002735229759299775,0.0,0.0,0.0,0.0,0.0,0.0,0.002188183807439825,0.002188183807439825,0.00218818380743982,0.002188183807439825,0.0,0.0,0.0,0.0,0.0,0.0,0.0,0.0,2.168404344971009e-18,0.0,0.0,0.0,0.00218818380743982,0.00218818380743982,0.0,0.0,0.002188183807439823,0.0021881838074398223,0.002188183807439822,0.0,0.00218818380743982,0.0,0.0,0.00218818380743982,0.0021881838074397997,0.0,0.0,0.0,0.0,0.0,0.0,0.0,0.0,0.0,0.0,0.0,0.0,0.0,0.0,0.002188183807439811,0.0,0.0,0.0,0.0,0.0021881838074398166,0.002188183807439825,0.0,0.002188183807439823,0.0,0.004376367614879633,0.0006564551422319534,0.0,0.0,0.00218818380743982,0.0,0.0,0.0,0.0,0.0,0.0,0.0,0.0,0.0,0.0,0.0,0.0,0.0,0.0,0.0,0.0,0.0021881838074397997,0.0,0.0,0.0,0.0,0.0,0.0,0.0,0.0,0.0,0.0,0.0,0.0021881838074397997,0.0,0.0021881838074397997,0.0,0.0,0.0,0.0,0.0,0.0,0.00218818380743982,0.0,0.0,0.0,0.0,0.0,0.0,0.0,0.0,0.0,0.0,0.0,0.0,0.0,0.0,0.0,0.0,0.0,0.0,0.0,0.0,0.00284463894967177,0.0,0.0,0.0,0.0,0.0,0.0,0.0,0.0,0.0,0.0,0.0065645514223195,0.0,0.0,0.0,0.0,0.0,0.0,0.0,0.0,0.002917578409919766,0.0,0.0,0.0,0.0,0.0,0.0,0.0,0.0,0.0,0.002188183807439822,0.0,0.0,0.0,0.0,0.0,0.0,0.0,0.0,0.002917578409919766,0.002917578409919766,0.0,0.0,0.0,0.0,0.0,0.0,0.0,0.0,0.0,0.0,0.0,0.0,0.0,0.0,0.0,0.0,0.0,0.0,0.0,0.0,0.0,0.0065645514223194,0.0,0.002188183807439825,0.0,0.0,0.0,0.0,0.002917578409919766,0.0,0.0,0.0,0.0,0.0,0.0,0.0,0.0,0.0,0.0,0.0,0.0,0.0,0.0,0.0,0.0,0.0,0.0,0.0,0.0,0.0,0.0,0.0,0.0,0.0,0.002188183807439825,0.0,0.0,0.0,0.0,0.002917578409919766,0.0,0.0,0.0,0.0,0.0,0.0,0.0,0.0,0.0,0.0,0.0,0.0,0.0,0.0,0.0,0.0,0.00218818380743982,0.0023522975929978103,0.0,0.0024313153415998034,0.0,0.0,0.0,0.0,0.0,0.00218818380743982,0.0,0.0,0.00218818380743982,0.0,0.0,0.0,0.0,0.0,0.0,0.00218818380743982,0.0,0.0,0.0,0.00218818380743982,0.0,0.0,0.0,0.004376367614879599,0.0,0.0,0.0,0.0,0.0,0.0,0.0,0.0,0.0021881838074398223,0.0,0.0,0.0,0.002188183807439825,0.0,0.0,0.0,0.0065645514223195,0.0,0.0,0.0,0.0,0.0,0.0,0.0,0.0,0.0,0.0,0.0,0.0,0.0,0.0,0.0,0.0,0.0,0.0,0.0023522975929978103,0.0,0.0,0.0,0.0,0.0,0.0,0.0032822757111597,0.0,0.0,0.0,0.0,0.0,0.0,0.0,0.0,0.00218818380743982,0.0,0.0,0.0,0.0,0.0,0.0,0.0,0.0,0.0,0.0043763676148796,0.0,0.0,0.0,0.0,0.0,0.0,0.0,0.0,0.0,0.0,0.0,0.0,0.0,0.0,0.0,0.0,0.0,0.0,0.0,0.0,0.0,0.0,0.0,0.0,0.0,0.0,0.0,0.0,0.0,0.0,0.0,0.0,0.0,0.0,0.0,0.0,0.0,0.0,0.0,0.0,0.0,0.0,0.0,0.0,0.0,0.0,0.0,0.0,0.0,0.0,0.0,0.0,0.0,0.0,0.0,0.0,0.0,0.0,0.0,0.0,0.0,0.0,0.0,0.0,0.0,0.0,0.0,0.0,0.0,0.0,0.0,0.0,0.0,0.0,0.0,0.0,0.0,0.0,0.0,0.0,0.0,0.0,0.0,0.0,0.0,0.0,0.0,0.0,0.0,0.0,0.0,0.0,0.0,0.0,0.0,0.0,0.0,0.0,0.0,0.0,0.0,0.0,0.0,0.0,0.0,0.0,0.0,0.0,0.0,0.0,0.0,0.0,0.0,0.00218818380743982,0.0,0.0,0.0,0.0,0.0,0.0,0.0,0.0,0.0,0.0,0.0,0.0,0.0,0.0,0.0,0.0,0.0,0.0021881838074398,0.0,0.0,0.0,0.0,0.0,0.0,0.0,0.0,0.0,0.0,0.0,0.0,0.0,0.0,0.0,0.0,0.0,0.0,0.0,0.0,0.0,0.0,0.0,0.0,0.0,0.0,0.0,0.0,0.0,0.0,0.0,0.0,0.0,0.0,0.0,0.0,0.0,0.0,0.0,0.0,0.0,0.0,0.0,0.0,0.0,0.0,0.0,0.0,0.0,0.0,0.0,0.0,0.0,0.0,0.0,0.0,0.0,0.0,0.0,0.0,0.0,0.0,0.0,0.0,0.0,0.0,0.0,0.0,0.0,0.0,0.0,0.0,0.0,0.0,0.0,0.0,0.0,0.0,0.0,0.0,0.0,0.0,0.0,0.0
0.0,0.010475931331321436,0.02447034322559976,0.007836168461795856,0.005059735610618708,0.01377628259041212,0.012168165448232734,0.01030277544154752,0.0010918802472961219,0.01030277544154752,0.0068685169610316794,0.003311606391925992,0.0,0.0034342584805158397,0.0034342584805158397,0.0068685169610316794,0.0,0.0,0.0,0.0034342584805158397,0.0,0.0,0.0,0.00266330249509386,0.0,0.0,0.0,0.0,0.0,0.0,0.0,0.010475931331321436,0.0,0.013618455512286203,0.005503617654772372,0.00822205054629732,0.010243902439024379,0.0033476805356288824,0.0,0.0,0.0033476805356288824,0.002501563477173231,0.0,0.0,0.0,0.0,0.0,0.0,0.0,0.0,0.0,0.0,0.0,0.0,0.0,0.0,0.0,0.0,0.0,0.0,0.0,0.0,0.02447034322559976,0.013618455512286203,0.0,0.01339090579845891,0.002095803925072223,0.0035385210994967058,0.004213943238333486,0.002947154471544715,0.003290747193186214,0.00293586269196025,0.005003126954346462,0.003290747193186214,0.0,0.0,0.0,0.0,0.0,0.00203252032520325,0.0,0.0,0.0,0.0,0.0,0.0,0.0,0.0,0.0,0.0,0.0,0.0,0.0,0.007836168461795856,0.005503617654772372,0.01339090579845891,0.0,0.00011599991930440201,0.000928402832415417,0.0072474732191490565,3.2782585890362564e-06,0.003012547103399724,0.0,0.0,0.0,0.0,0.0,0.0,0.0,0.0,0.0,0.0,0.0,0.0,0.0,0.0,0.0,0.0,0.0,0.0,0.0,0.0,0.0,0.0,0.005059735610618708,0.00822205054629732,0.002095803925072223,0.00011599991930440201,0.0,0.0008036272670419124,0.010006253908692933,0.0028924327704815504,0.002884203943254007,0.0028055729275241513,0.0,0.0028924327704815504,0.0,0.00228658536585365,0.0,0.0,0.00203252032520325,0.0,0.0,0.0,0.0,0.0,0.0,0.0,0.0,0.0,0.0,0.0,0.0,0.0,0.0,0.01377628259041212,0.010243902439024379,0.0035385210994967058,0.000928402832415417,0.0008036272670419124,0.0,0.002263914946841788,0.007906504065040655,0.011553273427471115,0.0019783197831978296,0.010006253908692924,0.00341463414634146,0.0,0.0,0.0,0.0,0.0,0.0,0.0,0.0,0.0,0.0,0.0,0.0,0.0,0.0,0.0,0.0,0.0,0.0,0.0,0.012168165448232734,0.0033476805356288824,0.004213943238333486,0.0072474732191490565,0.010006253908692933,0.002263914946841788,0.0,0.006613508442776736,0.0042296171949573755,0.0013028976443610488,0.0025015634771732354,0.007113821138211375,0.0050031269543464665,0.0025015634771732333,0.0,0.0,0.0,0.0,0.0,0.0,0.0,0.0,0.0,0.0,0.0,0.0,0.0,0.0,0.0,0.0,0.0,0.01030277544154752,0.0,0.002947154471544715,3.2782585890362564e-06,0.0028924327704815504,0.007906504065040655,0.006613508442776736,0.0,0.005953145057766365,0.005905600722673893,0.002501563477173231,0.002947154471544715,0.012195121951219468,0.0,0.0050813008130081,0.0,0.0,0.0,0.002947154471544715,0.0,0.0,0.0,0.0,0.0,0.0,0.0,0.0,0.0,0.0,0.0,0.0,0.0010918802472961219,0.0,0.003290747193186214,0.003012547103399724,0.002884203943254007,0.011553273427471115,0.0042296171949573755,0.005953145057766365,0.0,0.00885513241097322,0.002501563477173231,0.005108044501497648,0.0,0.0006017329910141286,0.0028883183568677788,0.0,0.0,0.0,0.0,0.00304878048780485,0.0,0.0,0.0,0.0,0.0,0.0,0.0,0.0,0.0,0.0,0.0,0.01030277544154752,0.0033476805356288824,0.00293586269196025,0.0,0.0028055729275241513,0.0019783197831978296,0.0013028976443610488,0.005905600722673893,0.00885513241097322,0.0,0.00043429921478701887,0.004177958446251125,0.0,0.0,0.0,0.0050813008130081,0.0,0.0,0.0,0.0,0.0,0.0,0.0,0.0,0.0,0.0,0.0,0.0,0.0,0.0,0.0,0.0068685169610316794,0.002501563477173231,0.005003126954346462,0.0,0.0,0.010006253908692924,0.0025015634771732354,0.002501563477173231,0.002501563477173231,0.00043429921478701887,0.0,0.0,0.002501563477173231,0.00228658536585365,0.0,0.0,0.002501563477173231,0.0,0.0,0.0,0.0,0.0,0.0,0.0,0.0,0.0,0.0,0.0,0.0,0.0,0.0,0.003311606391925992,0.0,0.003290747193186214,0.0,0.0028924327704815504,0.00341463414634146,0.007113821138211375,0.002947154471544715,0.005108044501497648,0.004177958446251125,0.0,0.0,0.0,0.001016260162601613,0.0,0.0,0.0,0.0,0.0,0.0,0.0,0.0,0.002032520325203233,0.0,0.0,0.0,0.0,0.0020325203252032,0.0,0.0,0.0,0.0,0.0,0.0,0.0,0.0,0.0,0.0050031269543464665,0.012195121951219468,0.0,0.0,0.002501563477173231,0.0,0.0,0.00228658536585365,0.0,0.0,0.0,0.006097560975609734,0.0,0.0,0.0,0.0,0.0,0.0,0.0,0.0,0.0,0.0,0.0,0.0,0.0,0.0034342584805158397,0.0,0.0,0.0,0.00228658536585365,0.0,0.0025015634771732333,0.0,0.0006017329910141286,0.0,0.00228658536585365,0.001016260162601613,0.00228658536585365,0.0,0.0027947154471544495,0.0050813008130081,0.0,0.0,0.0,0.0,0.0,0.0,0.0,0.0,0.0,0.0,0.0,0.0,0.0,0.0,0.0,0.0034342584805158397,0.0,0.0,0.0,0.0,0.0,0.0,0.0050813008130081,0.0028883183568677788,0.0,0.0,0.0,0.0,0.0027947154471544495,0.0,0.0,0.0,0.0,0.0,0.0,0.0,0.0,0.0,0.0,0.0,0.0,0.0,0.0,0.0,0.0,0.0,0.0068685169610316794,0.0,0.0,0.0,0.0,0.0,0.0,0.0,0.0,0.0050813008130081,0.0,0.0,0.0,0.0050813008130081,0.0,0.0,0.0,0.0,0.0020325203252032,0.0,0.0,0.0,0.0,0.0,0.0,0.0,0.0,0.0,0.0,0.0,0.0,0.0,0.0,0.0,0.0,0.00203252032520325,0.0,0.0,0.0,0.0,0.0,0.002501563477173231,0.0,0.0,0.0,0.0,0.0,0.0,0.0,0.0,0.0,0.0,0.0,0.0,0.0,0.0,0.0,0.0,0.0,0.0,0.0,0.0,0.0,0.0,0.00203252032520325,0.0,0.0,0.0,0.0,0.0,0.0,0.0,0.0,0.0,0.006097560975609734,0.0,0.0,0.0,0.0,0.0,0.0,0.0,0.0,0.0,0.0,0.0,0.00203252032520325,0.0,0.0,0.0,0.0,0.0,0.0,0.0,0.0,0.0,0.0,0.0,0.0,0.0,0.002947154471544715,0.0,0.0,0.0,0.0,0.0,0.0,0.0,0.0020325203252032,0.0,0.0,0.0,0.00304878048780485,0.0,0.0,0.0,0.0,0.0,0.0,0.0,0.0,0.0,0.0,0.0,0.0034342584805158397,0.0,0.0,0.0,0.0,0.0,0.0,0.0,0.00304878048780485,0.0,0.0,0.0,0.0,0.0,0.0,0.0,0.0,0.0,0.00304878048780485,0.0,0.00304878048780485,0.0,0.0,0.0,0.0,0.0,0.0,0.0,0.0,0.0,0.0,0.0,0.0,0.0,0.0,0.0,0.0,0.0,0.0,0.0,0.0,0.0,0.0,0.0,0.0,0.0,0.0,0.0,0.0,0.0,0.00304878048780485,0.0,0.0,0.002032520325203233,0.0,0.00304878048780485,0.0,0.0,0.0,0.0,0.0,0.0,0.0,0.0,0.0,0.0,0.0,0.0,0.0,0.0,0.0,0.0,0.0,0.0,0.0,0.0,0.0,0.0,0.0,0.0,0.0,0.0,0.0,0.0,0.0,0.0,0.0,0.0,0.0,0.0,0.0,0.0,0.0040650406504065,0.0,0.0,0.0,0.0,0.0,0.0,0.0,0.0,0.0,0.0,0.0,0.002032520325203233,0.0,0.0,0.0,0.0,0.0,0.0,0.0,0.0,0.002032520325203233,0.0,0.0,0.002032520325203233,0.0,0.0,0.0,0.0,0.0,0.0,0.0,0.00266330249509386,0.0,0.0,0.0,0.0,0.0,0.0,0.0,0.0,0.0,0.0,0.0,0.0,0.0,0.0,0.0,0.0,0.0,0.0,0.0,0.0,0.0,0.002032520325203233,0.0,0.0,0.0,0.0,0.0,0.0,0.0,0.0,0.0,0.0,0.0,0.0,0.0,0.0,0.0,0.0,0.0,0.0,0.0,0.0,0.0,0.0,0.0,0.0,0.0,0.00203252032520325,0.0,0.0,0.00304878048780485,0.0,0.0,0.0,0.0,0.0,0.0,0.0,0.0,0.0,0.0,0.0,0.0,0.0,0.0,0.0,0.0,0.0,0.0,0.0,0.0,0.0,0.0,0.0,0.0,0.0,0.0,0.0,0.0,0.0,0.0,0.0,0.0,0.0,0.0,0.0,0.0,0.0,0.0,0.0,0.0,0.0,0.0,0.0,0.0,0.0,0.0,0.0,0.0,0.0,0.0,0.0,0.0,0.0,0.0,0.0,0.0,0.0,0.0,0.0,0.0,0.0,0.0,0.0,0.0,0.0,0.0,0.0,0.0,0.0,0.0,0.0,0.0,0.0,0.0,0.0,0.0,0.0,0.0,0.0,0.0,0.0,0.0,0.0,0.0020325203252032,0.0,0.0,0.0,0.0,0.0,0.0,0.0,0.0,0.0,0.0,0.0,0.0,0.0,0.0,0.0,0.0,0.0,0.0,0.0,0.0,0.0,0.0,0.0,0.0,0.0,0.0,0.0,0.0,0.0,0.0,0.0,0.0,0.0,0.0,0.0,0.0,0.0,0.0,0.0,0.0,0.0,0.0,0.0,0.0,0.0,0.0,0.0,0.0,0.0,0.0,0.0,0.0,0.0,0.0,0.0,0.0,0.0,0.0,0.0,0.0,0.0,0.0,0.0,0.0,0.0,0.0,0.0,0.0,0.0,0.0,0.0,0.0,0.0,0.0,0.0,0.0,0.0,0.0,0.0,0.0,0.0,0.0,0.0,0.0,0.0,0.0,0.0,0.0,0.0,0.0,0.0,0.0,0.0,0.0,0.0,0.0,0.0,0.0,0.0,0.0,0.0,0.0,0.0040650406504065,0.0,0.0,0.0,0.0,0.0,0.0,0.0,0.0,0.0
