0.15044609279414836,0.06370380974413233,0.04786866913760986,0.03437930393207769,0.013881017518913057,0.012078429207128465,0.006436697163446399,0.014297687251259171,0.0,0.0,0.0,0.0,0.0,0.0,0.0,0.0,0.06370380974413233,0.08558785536897995,0.038540378921956164,0.023820474680272985,0.020956720064058014,0.00674117461550855,0.0,0.0,0.00674117461550855,0.0,0.0,0.0,0.0,0.0,0.0,0.0,0.04786866913760986,0.038540378921956164,0.03039048739430001,0.011460381551541192,0.02191640901882908,0.0,0.0,0.0,0.0,0.0,0.0,0.0,0.0,0.0,0.0,0.0,0.03437930393207769,0.023820474680272985,0.011460381551541192,0.022920763103082383,0.007701109911768153,0.0,0.0,0.0,0.007701109911768153,0.0,0.0,0.0,0.0,0.0,0.0,0.0,0.013881017518913057,0.020956720064058014,0.02191640901882908,0.007701109911768153,0.0,0.0,0.007860990087812773,0.0,0.0,0.0,0.0,0.0,0.0,0.0,0.0,0.0,0.012078429207128465,0.00674117461550855,0.0,0.0,0.0,0.0,0.007860990087812773,0.007860990087812773,0.0,0.0,0.0,0.007978605967780567,0.0,0.0,0.0,0.0,0.006436697163446399,0.0,0.0,0.0,0.007860990087812773,0.007860990087812773,0.015721980175625545,0.0,0.0,0.0,0.0,0.0,0.0056417320436820675,0.0,0.0,0.0,0.014297687251259171,0.0,0.0,0.0,0.0,0.007860990087812773,0.0,0.0,0.0,0.007860990087812773,0.0,0.0,0.0,0.0,0.0,0.0,0.0,0.00674117461550855,0.0,0.007701109911768153,0.0,0.0,0.0,0.0,0.0,0.0,0.0,0.0,0.0,0.0,0.0,0.0,0.0,0.0,0.0,0.0,0.0,0.0,0.0,0.007860990087812773,0.0,0.0,0.0,0.007978605967780567,0.0,0.0,0.0,0.0,0.0,0.0,0.0,0.0,0.0,0.0,0.0,0.0,0.0,0.0,0.0,0.0,0.0,0.0,0.0,0.0,0.0,0.0,0.0,0.0,0.0,0.007978605967780567,0.0,0.0,0.0,0.007978605967780567,0.0,0.0,0.0,0.0,0.0,0.0,0.0,0.0,0.0,0.0,0.0,0.0,0.0056417320436820675,0.0,0.0,0.0,0.0,0.0,0.0,0.0,0.0,0.0,0.0,0.0,0.0,0.0,0.0,0.0,0.0,0.0,0.0,0.0,0.0,0.0,0.0,0.0,0.0,0.0,0.0,0.0,0.0,0.0,0.0,0.0,0.0,0.0,0.0,0.0,0.0,0.0,0.0,0.0,0.0,0.0,0.0,0.0,0.0,0.0,0.0,0.0,0.0,0.0,0.0,0.0,0.0,0.0,0.0,0.0,0.0,0.0
0.1500110647045685,0.07734226403532145,0.04289157716414948,0.027519123266042986,0.026311902626680227,0.0,0.01729374311822285,0.011902344385906623,0.007867638744726116,0.0,0.0,0.0,0.0,0.0,0.0,0.0,0.07734226403532145,0.06923795709215633,0.02714097637002307,0.02730161890606475,0.019493421383136745,0.0,0.0,0.0,0.007867638744726116,0.0,0.0,0.0,0.0,0.0,0.0,0.0,0.04289157716414948,0.02714097637002307,0.039236713908527836,0.02348742905491797,0.0,0.026313147291801443,0.0,0.0,0.0,0.0,0.0,0.0,0.0,0.0,0.0,0.0,0.027519123266042986,0.02730161890606475,0.02348742905491797,0.0,0.014475235638361807,0.0,0.0,0.0,0.0,0.0,0.0,0.0,0.0,0.0,0.0,0.0,0.026311902626680227,0.019493421383136745,0.0,0.014475235638361807,0.0,0.00989506455300224,0.0,0.0,0.0,0.0,0.0,0.0,0.0,0.0,0.0,0.0,0.0,0.0,0.026313147291801443,0.0,0.00989506455300224,0.0,0.0,0.00989506455300224,0.0,0.0,0.0,0.0,0.0,0.0,0.0,0.0,0.01729374311822285,0.0,0.0,0.0,0.0,0.0,0.0,0.0,0.0,0.0,0.0,0.007751696168462892,0.0,0.0,0.0,0.0,0.011902344385906623,0.0,0.0,0.0,0.0,0.00989506455300224,0.0,0.0,0.0,0.0,0.0,0.0,0.0,0.0,0.0,0.0,0.007867638744726116,0.007867638744726116,0.0,0.0,0.0,0.0,0.0,0.0,0.0,0.007856650401022765,0.0,0.0,0.0,0.0,0.0,0.0,0.0,0.0,0.0,0.0,0.0,0.0,0.0,0.0,0.007856650401022765,0.0,0.0,0.0,0.0,0.0,0.0,0.0,0.0,0.0,0.0,0.0,0.0,0.0,0.0,0.0,0.0,0.0,0.0,0.0,0.0,0.0,0.0,0.0,0.0,0.0,0.0,0.0,0.0,0.0,0.007751696168462892,0.0,0.0,0.0,0.0,0.0,0.0,0.0,0.0,0.0,0.0,0.0,0.0,0.0,0.0,0.0,0.0,0.0,0.0,0.0,0.0,0.0,0.0,0.0,0.0,0.0,0.0,0.0,0.0,0.0,0.0,0.0,0.0,0.0,0.0,0.0,0.0,0.0,0.0,0.0,0.0,0.0,0.0,0.0,0.0,0.0,0.0,0.0,0.0,0.0,0.0,0.0,0.0,0.0,0.0,0.0,0.0,0.0,0.0,0.0,0.0,0.0,0.0,0.0,0.0,0.0,0.0,0.0,0.0,0.0,0.0,0.0,0.0,0.0
0.13239959145567506,0.06516447428320828,0.04087008946527565,0.02575140879033703,0.009797646720489047,0.010607028026669341,0.01069345716874531,0.013010115472116003,0.006844338477737775,0.0,0.0,0.0,0.0,0.0,0.0,0.0,0.06516447428320828,0.06068288329729007,0.03320175820160021,0.024650144140954802,0.013941102228656136,0.0048917462168654785,0.005898688115404543,0.005812258973328575,0.0,0.0,0.0,0.00417100464840117,0.0,0.0,0.0,0.0,0.04087008946527565,0.03320175820160021,0.029081960676025753,0.010117141727375167,0.017085400848221806,0.005812258973328575,0.0,0.0,0.005818724170640252,0.0,0.0,0.0,0.0,0.0,0.0,0.0,0.02575140879033703,0.024650144140954802,0.010117141727375167,0.020234283454750333,0.006090825551879717,0.0,0.0,0.0,0.00417100464840117,0.0,0.0,0.0,0.0,0.0,0.0,0.0,0.009797646720489047,0.013941102228656136,0.017085400848221806,0.006090825551879717,0.012181651103759433,0.0,0.0,0.0,0.0,0.0,0.0,0.0,0.0,0.0,0.0,0.0,0.010607028026669341,0.0048917462168654785,0.005812258973328575,0.0,0.0,0.0,0.005812258973328575,0.0,0.0,0.0,0.0,0.0,0.0,0.0,0.0,0.0,0.01069345716874531,0.005898688115404543,0.0,0.0,0.0,0.005812258973328575,0.0,0.0,0.0,0.0,0.0,0.0,0.0,0.0,0.0,0.0,0.013010115472116003,0.005812258973328575,0.0,0.0,0.0,0.0,0.0,0.0,0.0,0.0,0.0,0.0,0.0,0.0,0.0,0.0,0.006844338477737775,0.0,0.005818724170640252,0.00417100464840117,0.0,0.0,0.0,0.0,0.0,0.0,0.0,0.0,0.0,0.0,0.0,0.0,0.0,0.0,0.0,0.0,0.0,0.0,0.0,0.0,0.0,0.0,0.0,0.0,0.0,0.0,0.0,0.0,0.0,0.0,0.0,0.0,0.0,0.0,0.0,0.0,0.0,0.0,0.0,0.0,0.0,0.0,0.0,0.0,0.0,0.00417100464840117,0.0,0.0,0.0,0.0,0.0,0.0,0.0,0.0,0.0,0.0,0.0,0.0,0.0,0.0,0.0,0.0,0.0,0.0,0.0,0.0,0.0,0.0,0.0,0.0,0.0,0.0,0.0,0.0,0.0,0.0,0.0,0.0,0.0,0.0,0.0,0.0,0.0,0.0,0.0,0.0,0.0,0.0,0.0,0.0,0.0,0.0,0.0,0.0,0.0,0.0,0.0,0.0,0.0,0.0,0.0,0.0,0.0,0.0,0.0,0.0,0.0,0.0,0.0,0.0,0.0,0.0,0.0,0.0,0.0,0.0,0.0,0.0,0.0,0.0,0.0,0.0,0.0,0.0
0.13143608295099446,0.06215880337414064,0.041592351214615866,0.01879482013885002,0.011307602897053043,0.014560526126872912,0.01679761048077689,0.006777076876676328,0.00871434585512733,0.0,0.0,0.0,0.0,0.0,0.0,0.0,0.06215880337414064,0.06166124539576946,0.037216704064687675,0.015537981118269588,0.02477026538356234,0.006182339545662152,0.010718642027748334,0.009387162467962198,0.0,0.0,0.0,0.0,0.0,0.0,0.0,0.0,0.041592351214615866,0.037216704064687675,0.033847982208611294,0.02192149360410379,0.011350221397930373,0.0,0.016061130519009398,0.0,0.0,0.0,0.0,0.0,0.0,0.0,0.0,0.0,0.01879482013885002,0.015537981118269588,0.02192149360410379,0.020833267115278515,0.005526867578572086,0.008234374917087388,0.0,0.0,0.005526867578572086,0.005526867578572086,0.0,0.005526867578572086,0.0,0.0,0.0,0.0,0.011307602897053043,0.02477026538356234,0.011350221397930373,0.005526867578572086,0.015556062300927417,0.0,0.0,0.0,0.0,0.0,0.0,0.0,0.0,0.0,0.0,0.0,0.014560526126872912,0.006182339545662152,0.0,0.008234374917087388,0.0,0.0,0.0,0.0,0.0,0.0,0.0,0.0,0.0,0.0,0.0,0.0,0.01679761048077689,0.010718642027748334,0.016061130519009398,0.0,0.0,0.0,0.0,0.0,0.0,0.0,0.0,0.0,0.0,0.0,0.0,0.0,0.006777076876676328,0.009387162467962198,0.0,0.0,0.0,0.0,0.0,0.0,0.0,0.0,0.0,0.0,0.0,0.0,0.0,0.0,0.00871434585512733,0.0,0.0,0.005526867578572086,0.0,0.0,0.0,0.0,0.0,0.0,0.0,0.0,0.0,0.0,0.0,0.0,0.0,0.0,0.0,0.005526867578572086,0.0,0.0,0.0,0.0,0.0,0.0,0.0,0.0,0.0,0.0,0.0,0.0,0.0,0.0,0.0,0.0,0.0,0.0,0.0,0.0,0.0,0.0,0.0,0.0,0.0,0.0,0.0,0.0,0.0,0.0,0.0,0.005526867578572086,0.0,0.0,0.0,0.0,0.0,0.0,0.0,0.0,0.0,0.0,0.0,0.0,0.0,0.0,0.0,0.0,0.0,0.0,0.0,0.0,0.0,0.0,0.0,0.0,0.0,0.0,0.0,0.0,0.0,0.0,0.0,0.0,0.0,0.0,0.0,0.0,0.0,0.0,0.0,0.0,0.0,0.0,0.0,0.0,0.0,0.0,0.0,0.0,0.0,0.0,0.0,0.0,0.0,0.0,0.0,0.0,0.0,0.0,0.0,0.0,0.0,0.0,0.0,0.0,0.0,0.0,0.0,0.0,0.0,0.0,0.0,0.0,0.0,0.0,0.0,0.0
0.1418631476453363,0.0639164669095006,0.04716114949408346,0.023305587405917746,0.015085061074454731,0.017917143712002138,0.020633751594360483,0.013589575371767358,0.0,0.0,0.0,0.0,0.0,0.0,0.0,0.006570217280439055,0.0639164669095006,0.05190653803041938,0.029893519730003877,0.017741692189129767,0.02853074445564399,0.009302184322980585,0.0,0.0,0.0,0.0,0.0,0.004060907410242154,0.0,0.0,0.0,0.0,0.04716114949408346,0.029893519730003877,0.037781345291135575,0.017595665940132656,0.014303585350108818,0.012207222246217043,0.0,0.0,0.005864887970118217,0.0,0.0,0.0,0.0,0.0,0.0,0.0,0.023305587405917746,0.017741692189129767,0.017595665940132656,0.01259165889397537,0.0084386973799906,0.0,0.0071940631308282125,0.006295829446987685,0.0,0.0,0.0,0.0,0.0,0.0,0.0,0.0,0.015085061074454731,0.02853074445564399,0.014303585350108818,0.0084386973799906,0.0,0.0,0.0071940631308282125,0.0,0.0,0.0,0.0,0.0,0.0,0.0,0.0,0.0,0.017917143712002138,0.009302184322980585,0.012207222246217043,0.0,0.0,0.0,0.010576212265078558,0.006342334276098828,0.0,0.0057371390953440855,0.0,0.0,0.0,0.0,0.0,0.0,0.020633751594360483,0.0,0.0,0.0071940631308282125,0.0071940631308282125,0.010576212265078558,0.014388126261656425,0.0071940631308282125,0.0,0.0,0.0,0.0,0.0,0.0,0.0,0.0,0.013589575371767358,0.0,0.0,0.006295829446987685,0.0,0.006342334276098828,0.0071940631308282125,0.0,0.0,0.0,0.0,0.0,0.0,0.0,0.0,0.0,0.0,0.0,0.005864887970118217,0.0,0.0,0.0,0.0,0.0,0.0,0.0,0.0,0.0,0.0,0.0,0.0,0.0,0.0,0.0,0.0,0.0,0.0,0.0057371390953440855,0.0,0.0,0.0,0.0,0.0,0.0,0.0,0.0,0.0,0.0,0.0,0.0,0.0,0.0,0.0,0.0,0.0,0.0,0.0,0.0,0.0,0.0,0.0,0.0,0.0,0.0,0.0,0.004060907410242154,0.0,0.0,0.0,0.0,0.0,0.0,0.0,0.0,0.0,0.0,0.0,0.0,0.0,0.0,0.0,0.0,0.0,0.0,0.0,0.0,0.0,0.0,0.0,0.0,0.0,0.0,0.0,0.0,0.0,0.0,0.0,0.0,0.0,0.0,0.0,0.0,0.0,0.0,0.0,0.0,0.0,0.0,0.0,0.0,0.0,0.0,0.0,0.0,0.0,0.0,0.0,0.0,0.0,0.0,0.0,0.0,0.0,0.0,0.0,0.0,0.0,0.0,0.006570217280439055,0.0,0.0,0.0,0.0,0.0,0.0,0.0,0.0,0.0,0.0,0.0,0.0,0.0,0.0,0.0
0.1333348818290671,0.06353138268173034,0.037717010700662176,0.01615340048168342,0.004942715391035385,0.01906326155624327,0.0056390770687300635,0.004942715391035385,0.0,0.0,0.004942715391035385,0.0,0.004942715391035385,0.0,0.0,0.0,0.06353138268173034,0.056993416566979205,0.032334666404265994,0.021554578013086485,0.015262723970384046,0.014452468320119335,0.00552321047603458,0.018249891797614937,0.0,0.0,0.0,0.0,0.0,0.0,0.00552321047603458,0.004206091847665177,0.037717010700662176,0.032334666404265994,0.028722934150997217,0.023477518063911802,0.020669446898185458,0.01177210001131463,0.008358536171188572,0.0,0.0,0.0,0.005777272563493719,0.0,0.0,0.0,0.0,0.0,0.01615340048168342,0.021554578013086485,0.023477518063911802,0.01817523109208336,0.0065699773313731,0.01503485919502861,0.00908761554604168,0.0,0.0,0.0,0.0,0.0,0.0,0.0,0.0,0.0,0.004942715391035385,0.015262723970384046,0.020669446898185458,0.0065699773313731,0.0131399546627462,0.0065699773313731,0.0,0.007379013989481809,0.0,0.0,0.0,0.0,0.0,0.0,0.0,0.0,0.01906326155624327,0.014452468320119335,0.01177210001131463,0.01503485919502861,0.0065699773313731,0.0,0.0056390770687300635,0.0,0.0,0.005994827447820911,0.0,0.0,0.0,0.0,0.0,0.0,0.0056390770687300635,0.00552321047603458,0.008358536171188572,0.00908761554604168,0.0,0.0056390770687300635,0.011278154137460127,0.0,0.0,0.0,0.0,0.0,0.0,0.0,0.0,0.0,0.004942715391035385,0.018249891797614937,0.0,0.0,0.007379013989481809,0.0,0.0,0.0,0.004206091847665177,0.0,0.0,0.0,0.0,0.0,0.0,0.0,0.0,0.0,0.0,0.0,0.0,0.0,0.0,0.004206091847665177,0.0,0.0,0.0,0.0,0.0,0.0,0.0,0.0,0.0,0.0,0.0,0.0,0.0,0.005994827447820911,0.0,0.0,0.0,0.0,0.0,0.0,0.0,0.0,0.0,0.0,0.004942715391035385,0.0,0.005777272563493719,0.0,0.0,0.0,0.0,0.0,0.0,0.0,0.0,0.0,0.0,0.0,0.0,0.0,0.0,0.0,0.0,0.0,0.0,0.0,0.0,0.0,0.0,0.0,0.0,0.0,0.0,0.0,0.0,0.0,0.004942715391035385,0.0,0.0,0.0,0.0,0.0,0.0,0.0,0.0,0.0,0.0,0.0,0.0,0.0,0.0,0.0,0.0,0.0,0.0,0.0,0.0,0.0,0.0,0.0,0.0,0.0,0.0,0.0,0.0,0.0,0.0,0.0,0.0,0.00552321047603458,0.0,0.0,0.0,0.0,0.0,0.0,0.0,0.0,0.0,0.0,0.0,0.0,0.0,0.0,0.0,0.004206091847665177,0.0,0.0,0.0,0.0,0.0,0.0,0.0,0.0,0.0,0.0,0.0,0.0,0.0,0.0
0.1363035594067623,0.06842295932822617,0.03858449351088358,0.024568135285225924,0.007562723995797333,0.01182243903343562,0.0058725270767792225,0.005281251062707017,0.0,0.0,0.0,0.0,0.0,0.0,0.0,0.0,0.06842295932822617,0.06240265956466991,0.03916942764546585,0.014631970870010502,0.018697512757241023,0.009444468717138303,0.014339680972931234,0.0,0.0,0.005583675015236029,0.0,0.0,0.0,0.0,0.0,0.0,0.03858449351088358,0.03916942764546585,0.03494339366081941,0.02651999268518418,0.018470578372951102,0.012711244585361757,0.0058725270767792225,0.0,0.006370203323129344,0.0,0.0,0.0,0.0,0.0,0.0,0.0,0.024568135285225924,0.014631970870010502,0.02651999268518418,0.012156114893273963,0.0,0.009048295854774473,0.006078057446636981,0.0,0.0,0.0044493799266184485,0.012370426964066598,0.006078057446636981,0.0,0.0,0.0,0.0,0.007562723995797333,0.018697512757241023,0.018470578372951102,0.0,0.016991583118210658,0.006341041262232413,0.0,0.0,0.0,0.0,0.0062923695174296156,0.0,0.006285346774845587,0.0,0.0044493799266184485,0.0,0.01182243903343562,0.009444468717138303,0.012711244585361757,0.009048295854774473,0.006341041262232413,0.0,0.012213568339011636,0.0,0.0,0.0,0.0,0.0,0.0,0.0,0.0,0.0,0.0058725270767792225,0.014339680972931234,0.0058725270767792225,0.006078057446636981,0.0,0.012213568339011636,0.0,0.0058725270767792225,0.0,0.0,0.0,0.0,0.0,0.0,0.0,0.0,0.005281251062707017,0.0,0.0,0.0,0.0,0.0,0.0058725270767792225,0.021467699370740948,0.0,0.0,0.010733849685370474,0.0,0.0,0.0,0.0,0.0,0.0,0.0,0.006370203323129344,0.0,0.0,0.0,0.0,0.0,0.0,0.0,0.0,0.0,0.0,0.0,0.0,0.0,0.0,0.005583675015236029,0.0,0.0044493799266184485,0.0,0.0,0.0,0.0,0.0,0.0,0.0,0.0,0.0,0.0,0.0,0.0,0.0,0.0,0.0,0.012370426964066598,0.0062923695174296156,0.0,0.0,0.010733849685370474,0.0,0.0,0.0,0.0,0.0,0.0,0.0,0.0,0.0,0.0,0.0,0.006078057446636981,0.0,0.0,0.0,0.0,0.0,0.0,0.0,0.0,0.0,0.0,0.0,0.0,0.0,0.0,0.0,0.0,0.006285346774845587,0.0,0.0,0.0,0.0,0.0,0.0,0.0,0.0,0.0,0.0,0.0,0.0,0.0,0.0,0.0,0.0,0.0,0.0,0.0,0.0,0.0,0.0,0.0,0.0,0.0,0.0,0.0,0.0,0.0,0.0,0.0,0.0044493799266184485,0.0,0.0,0.0,0.0,0.0,0.0,0.0,0.0,0.0,0.0,0.0,0.0,0.0,0.0,0.0,0.0,0.0,0.0,0.0,0.0,0.0,0.0,0.0,0.0,0.0,0.0,0.0
0.1462962174029906,0.07409489660656884,0.047949184466556924,0.02336696075843132,0.01788110711064272,0.02317615884481422,0.01785254490108836,0.0,0.0,0.0,0.006479770154511285,0.0,0.0,0.0,0.0,0.0,0.07409489660656884,0.06571765966394144,0.03605244104314893,0.029322898602680003,0.014163019139975945,0.018981933592655976,0.0,0.0,0.0,0.0,0.0,0.0045818924435389674,0.0,0.0,0.0,0.0,0.047949184466556924,0.03605244104314893,0.034523625300330096,0.02170432546193314,0.02308627124803737,0.0,0.007004245067463156,0.0,0.0,0.0,0.0,0.0,0.0,0.0,0.0,0.0,0.02336696075843132,0.029322898602680003,0.02170432546193314,0.0,0.017155628729782647,0.0,0.0060451163341455885,0.0,0.006472322132999273,0.0,0.0,0.0,0.0,0.0,0.0,0.0,0.01788110711064272,0.014163019139975945,0.02308627124803737,0.017155628729782647,0.0,0.01121033112194425,0.0,0.007507546577755774,0.0,0.0,0.006479770154511285,0.0,0.0,0.0,0.0,0.0,0.02317615884481422,0.018981933592655976,0.0,0.0,0.01121033112194425,0.0,0.0,0.0,0.0,0.0,0.0,0.0,0.0,0.0,0.0,0.0,0.01785254490108836,0.0,0.007004245067463156,0.0060451163341455885,0.0,0.0,0.0,0.011053283655366468,0.0,0.0,0.0,0.008037906533187299,0.0,0.0,0.0,0.0,0.0,0.0,0.0,0.0,0.007507546577755774,0.0,0.011053283655366468,0.0,0.0,0.0,0.011053283655366468,0.0,0.0,0.0,0.0,0.0,0.0,0.0,0.0,0.006472322132999273,0.0,0.0,0.0,0.0,0.0,0.0,0.0,0.0,0.0,0.0,0.0,0.0,0.0,0.0,0.0,0.0,0.0,0.0,0.0,0.0,0.0,0.0,0.0,0.0,0.0,0.0,0.0,0.0,0.006479770154511285,0.0,0.0,0.0,0.006479770154511285,0.0,0.0,0.011053283655366468,0.0,0.0,0.0,0.0,0.0,0.0,0.0,0.0,0.0,0.0045818924435389674,0.0,0.0,0.0,0.0,0.008037906533187299,0.0,0.0,0.0,0.0,0.0,0.0,0.0,0.0,0.0,0.0,0.0,0.0,0.0,0.0,0.0,0.0,0.0,0.0,0.0,0.0,0.0,0.0,0.0,0.0,0.0,0.0,0.0,0.0,0.0,0.0,0.0,0.0,0.0,0.0,0.0,0.0,0.0,0.0,0.0,0.0,0.0,0.0,0.0,0.0,0.0,0.0,0.0,0.0,0.0,0.0,0.0,0.0,0.0,0.0,0.0,0.0,0.0,0.0,0.0,0.0,0.0,0.0,0.0,0.0,0.0,0.0,0.0,0.0,0.0,0.0,0.0,0.0,0.0
0.12806005398335135,0.05809478571869561,0.040051089203370555,0.028108903246862493,0.019895261033577763,0.005389881427079608,0.004483227744525961,0.0,0.008503322139771431,0.0,0.004483227744525961,0.0,0.0,0.0,0.0,0.0,0.05809478571869561,0.0455682275338455,0.02581869972041928,0.02094070433437601,0.019495351237551903,0.007008354941957819,0.0047891905208020565,0.0,0.0,0.0,0.0,0.0,0.0,0.0,0.0,0.0,0.040051089203370555,0.02581869972041928,0.028408966308644486,0.01851817970191371,0.02289372646304695,0.015562315629380099,0.009208844328891266,0.0,0.0,0.005132095243170116,0.0,0.005132095243170116,0.0,0.0,0.0,0.0,0.028108903246862493,0.02094070433437601,0.01851817970191371,0.0,0.014525389828066722,0.012653967583244706,0.0,0.0,0.0,0.004863155094139932,0.0,0.0,0.0,0.0,0.0,0.0,0.019895261033577763,0.019495351237551903,0.02289372646304695,0.014525389828066722,0.0,0.0,0.009208844328891266,0.0,0.010704968317443043,0.0,0.0,0.0,0.0,0.0,0.0,0.0,0.005389881427079608,0.007008354941957819,0.015562315629380099,0.012653967583244706,0.0,0.0,0.0,0.0,0.005389881427079608,0.0,0.0,0.0,0.0,0.0,0.0,0.0,0.004483227744525961,0.0047891905208020565,0.009208844328891266,0.0,0.009208844328891266,0.0,0.0,0.006278649770858902,0.0,0.0,0.0,0.0,0.0,0.0,0.0,0.0,0.0,0.0,0.0,0.0,0.0,0.0,0.006278649770858902,0.00804018879049094,0.0,0.0,0.0,0.0,0.0,0.0,0.0,0.0,0.008503322139771431,0.0,0.0,0.0,0.010704968317443043,0.005389881427079608,0.0,0.0,0.0,0.0,0.0,0.0,0.0,0.0,0.0,0.0,0.0,0.0,0.005132095243170116,0.004863155094139932,0.0,0.0,0.0,0.0,0.0,0.0,0.0,0.0,0.0,0.0,0.0,0.0,0.004483227744525961,0.0,0.0,0.0,0.0,0.0,0.0,0.0,0.0,0.0,0.0,0.0,0.0,0.0,0.0,0.0,0.0,0.0,0.005132095243170116,0.0,0.0,0.0,0.0,0.0,0.0,0.0,0.0,0.0,0.0,0.0,0.0,0.0,0.0,0.0,0.0,0.0,0.0,0.0,0.0,0.0,0.0,0.0,0.0,0.0,0.0,0.0,0.0,0.0,0.0,0.0,0.0,0.0,0.0,0.0,0.0,0.0,0.0,0.0,0.0,0.0,0.0,0.0,0.0,0.0,0.0,0.0,0.0,0.0,0.0,0.0,0.0,0.0,0.0,0.0,0.0,0.0,0.0,0.0,0.0,0.0,0.0,0.0,0.0,0.0,0.0,0.0,0.0,0.0,0.0,0.0,0.0,0.0,0.0,0.0,0.0,0.0
