0.0,0.01143199774204437,0.003119393793343493,0.013092528627912998,0.00028114708008676733,0.0002811470800868007,0.0031060058371489008,0.00028114708008676733,0.0,0.0,0.0,0.0,0.0,0.0,0.0,0.0,0.01143199774204437,0.0,0.001075401603326035,0.002766200487789819,0.000463091599518412,0.0030564045568213394,0.0,0.0,0.0030564045568213394,0.0,0.0,0.0,0.0,0.0,0.0,0.0,0.003119393793343493,0.001075401603326035,0.0,0.0064030131826741995,0.005021971123666001,0.0,0.0,0.0,0.0,0.0,0.0,0.0,0.0,0.0,0.0,0.0,0.013092528627912998,0.002766200487789819,0.0064030131826741995,0.0,0.0032015065913370997,0.0,0.0,0.0,0.0032015065913370997,0.0,0.0,0.0,0.0,0.0,0.0,0.0,0.00028114708008676733,0.000463091599518412,0.005021971123666001,0.0032015065913370997,0.0,0.0,0.0028248587570621334,0.0,0.0,0.0,0.0,0.0,0.0,0.0,0.0,0.0,0.0002811470800868007,0.0030564045568213394,0.0,0.0,0.0,0.0,0.0028248587570621334,0.0028248587570621334,0.0,0.0,0.0,0.0028248587570621,0.0,0.0,0.0,0.0,0.0031060058371489008,0.0,0.0,0.0,0.0028248587570621334,0.0028248587570621334,0.0,0.0,0.0,0.0,0.0,0.0,0.0028248587570621,0.0,0.0,0.0,0.00028114708008676733,0.0,0.0,0.0,0.0,0.0028248587570621334,0.0,0.0,0.0,0.0028248587570621334,0.0,0.0,0.0,0.0,0.0,0.0,0.0,0.0030564045568213394,0.0,0.0032015065913370997,0.0,0.0,0.0,0.0,0.0,0.0,0.0,0.0,0.0,0.0,0.0,0.0,0.0,0.0,0.0,0.0,0.0,0.0,0.0,0.0028248587570621334,0.0,0.0,0.0,0.0028248587570621,0.0,0.0,0.0,0.0,0.0,0.0,0.0,0.0,0.0,0.0,0.0,0.0,0.0,0.0,0.0,0.0,0.0,0.0,0.0,0.0,0.0,0.0,0.0,0.0,0.0,0.0028248587570621,0.0,0.0,0.0,0.0028248587570621,0.0,0.0,0.0,0.0,0.0,0.0,0.0,0.0,0.0,0.0,0.0,0.0,0.0028248587570621,0.0,0.0,0.0,0.0,0.0,0.0,0.0,0.0,0.0,0.0,0.0,0.0,0.0,0.0,0.0,0.0,0.0,0.0,0.0,0.0,0.0,0.0,0.0,0.0,0.0,0.0,0.0,0.0,0.0,0.0,0.0,0.0,0.0,0.0,0.0,0.0,0.0,0.0,0.0,0.0,0.0,0.0,0.0,0.0,0.0,0.0,0.0,0.0,0.0,0.0,0.0,0.0,0.0,0.0,0.0,0.0,0.0
0.0,0.013241911292050573,0.022562674094707497,0.0042976522085157245,0.0068709377901578226,0.0,0.0025069637883007776,0.00027855153203348816,0.00278551532033425,0.0,0.0,0.0,0.0,0.0,0.0,0.0,0.013241911292050573,0.0,0.005178201557031631,0.012090973093758613,0.003285479608599374,0.0,0.0,0.0,0.00278551532033425,0.0,0.0,0.0,0.0,0.0,0.0,0.0,0.022562674094707497,0.005178201557031631,0.0,0.004089843922713001,0.0,0.007830393067161852,0.0,0.0,0.0,0.0,0.0,0.0,0.0,0.0,0.0,0.0,0.0042976522085157245,0.012090973093758613,0.004089843922713001,0.0,0.007958615200955027,0.0,0.0,0.0,0.0,0.0,0.0,0.0,0.0,0.0,0.0,0.0,0.0068709377901578226,0.003285479608599374,0.0,0.007958615200955027,0.0,0.00389972144846796,0.0,0.0,0.0,0.0,0.0,0.0,0.0,0.0,0.0,0.0,0.0,0.0,0.007830393067161852,0.0,0.00389972144846796,0.0,0.0,0.00389972144846796,0.0,0.0,0.0,0.0,0.0,0.0,0.0,0.0,0.0025069637883007776,0.0,0.0,0.0,0.0,0.0,0.0,0.0,0.0,0.0,0.0,0.002785515320334233,0.0,0.0,0.0,0.0,0.00027855153203348816,0.0,0.0,0.0,0.0,0.00389972144846796,0.0,0.0,0.0,0.0,0.0,0.0,0.0,0.0,0.0,0.0,0.00278551532033425,0.00278551532033425,0.0,0.0,0.0,0.0,0.0,0.0,0.0,0.0055710306406685,0.0,0.0,0.0,0.0,0.0,0.0,0.0,0.0,0.0,0.0,0.0,0.0,0.0,0.0,0.0055710306406685,0.0,0.0,0.0,0.0,0.0,0.0,0.0,0.0,0.0,0.0,0.0,0.0,0.0,0.0,0.0,0.0,0.0,0.0,0.0,0.0,0.0,0.0,0.0,0.0,0.0,0.0,0.0,0.0,0.0,0.002785515320334233,0.0,0.0,0.0,0.0,0.0,0.0,0.0,0.0,0.0,0.0,0.0,0.0,0.0,0.0,0.0,0.0,0.0,0.0,0.0,0.0,0.0,0.0,0.0,0.0,0.0,0.0,0.0,0.0,0.0,0.0,0.0,0.0,0.0,0.0,0.0,0.0,0.0,0.0,0.0,0.0,0.0,0.0,0.0,0.0,0.0,0.0,0.0,0.0,0.0,0.0,0.0,0.0,0.0,0.0,0.0,0.0,0.0,0.0,0.0,0.0,0.0,0.0,0.0,0.0,0.0,0.0,0.0,0.0,0.0,0.0,0.0,0.0,0.0
0.0,0.0728175205260089,0.03169940881919703,0.008014857451446575,0.009351764651646766,0.0002502584906778917,0.0002502584906778917,0.0018374241815559082,0.004675882325823383,0.0,0.0,0.0,0.0,0.0,0.0,0.0,0.0728175205260089,0.0,0.0003318880145602547,0.009945934371821646,0.0025556906558994053,0.002216155452063594,0.0020876826722338,0.0020876826722338,0.0,0.0,0.0,0.0020876826722338,0.0,0.0,0.0,0.0,0.03169940881919703,0.0003318880145602547,0.0,0.005567153792623511,0.004672432647380428,0.0020876826722338,0.0,0.0,0.002485336514564071,0.0,0.0,0.0,0.0,0.0,0.0,0.0,0.008014857451446575,0.009945934371821646,0.005567153792623511,0.0,0.0023859230539814997,0.0,0.0,0.0,0.0020876826722338,0.0,0.0,0.0,0.0,0.0,0.0,0.0,0.009351764651646766,0.0025556906558994053,0.004672432647380428,0.0023859230539814997,0.0,0.0,0.0,0.0,0.0,0.0,0.0,0.0,0.0,0.0,0.0,0.0,0.0002502584906778917,0.002216155452063594,0.0020876826722338,0.0,0.0,0.0,0.0020876826722338,0.0,0.0,0.0,0.0,0.0,0.0,0.0,0.0,0.0,0.0002502584906778917,0.0020876826722338,0.0,0.0,0.0,0.0020876826722338,0.0,0.0,0.0,0.0,0.0,0.0,0.0,0.0,0.0,0.0,0.0018374241815559082,0.0020876826722338,0.0,0.0,0.0,0.0,0.0,0.0,0.0,0.0,0.0,0.0,0.0,0.0,0.0,0.0,0.004675882325823383,0.0,0.002485336514564071,0.0020876826722338,0.0,0.0,0.0,0.0,0.0,0.0,0.0,0.0,0.0,0.0,0.0,0.0,0.0,0.0,0.0,0.0,0.0,0.0,0.0,0.0,0.0,0.0,0.0,0.0,0.0,0.0,0.0,0.0,0.0,0.0,0.0,0.0,0.0,0.0,0.0,0.0,0.0,0.0,0.0,0.0,0.0,0.0,0.0,0.0,0.0,0.0020876826722338,0.0,0.0,0.0,0.0,0.0,0.0,0.0,0.0,0.0,0.0,0.0,0.0,0.0,0.0,0.0,0.0,0.0,0.0,0.0,0.0,0.0,0.0,0.0,0.0,0.0,0.0,0.0,0.0,0.0,0.0,0.0,0.0,0.0,0.0,0.0,0.0,0.0,0.0,0.0,0.0,0.0,0.0,0.0,0.0,0.0,0.0,0.0,0.0,0.0,0.0,0.0,0.0,0.0,0.0,0.0,0.0,0.0,0.0,0.0,0.0,0.0,0.0,0.0,0.0,0.0,0.0,0.0,0.0,0.0,0.0,0.0,0.0,0.0,0.0,0.0,0.0,0.0,0.0
0.0,0.04899100413323606,0.006960508492237158,7.293946024798138e-05,0.0061269146608314805,0.004668125455871652,0.003574033552151752,0.0045708728422076345,0.0087527352297593,0.0,0.0,0.0,0.0,0.0,0.0,0.0,0.04899100413323606,0.0,0.00017366538154283545,7.806255641895632e-18,0.0077315827862874074,0.0021881838074398,0.00923899829807926,0.00012156576708001465,0.0,0.0,0.0,0.0,0.0,0.0,0.0,0.0,0.006960508492237158,0.00017366538154283545,0.0,0.0023618491889826508,0.009169532145462123,0.0,0.0013024903615713613,0.0,0.0,0.0,0.0,0.0,0.0,0.0,0.0,0.0,7.293946024798138e-05,7.806255641895632e-18,0.0023618491889826508,0.0,0.002309749574519811,0.004619499149039622,0.0,0.0,0.002309749574519811,0.002309749574519811,0.0,0.002309749574519811,0.0,0.0,0.0,0.0,0.0061269146608314805,0.0077315827862874074,0.009169532145462123,0.002309749574519811,0.0,0.0,0.0,0.0,0.0,0.0,0.0,0.0,0.0,0.0,0.0,0.0,0.004668125455871652,0.0021881838074398,0.0,0.004619499149039622,0.0,0.0,0.0,0.0,0.0,0.0,0.0,0.0,0.0,0.0,0.0,0.0,0.003574033552151752,0.00923899829807926,0.0013024903615713613,0.0,0.0,0.0,0.0,0.0,0.0,0.0,0.0,0.0,0.0,0.0,0.0,0.0,0.0045708728422076345,0.00012156576708001465,0.0,0.0,0.0,0.0,0.0,0.0,0.0,0.0,0.0,0.0,0.0,0.0,0.0,0.0,0.0087527352297593,0.0,0.0,0.002309749574519811,0.0,0.0,0.0,0.0,0.0,0.0,0.0,0.0,0.0,0.0,0.0,0.0,0.0,0.0,0.0,0.002309749574519811,0.0,0.0,0.0,0.0,0.0,0.0,0.0,0.0,0.0,0.0,0.0,0.0,0.0,0.0,0.0,0.0,0.0,0.0,0.0,0.0,0.0,0.0,0.0,0.0,0.0,0.0,0.0,0.0,0.0,0.0,0.0,0.002309749574519811,0.0,0.0,0.0,0.0,0.0,0.0,0.0,0.0,0.0,0.0,0.0,0.0,0.0,0.0,0.0,0.0,0.0,0.0,0.0,0.0,0.0,0.0,0.0,0.0,0.0,0.0,0.0,0.0,0.0,0.0,0.0,0.0,0.0,0.0,0.0,0.0,0.0,0.0,0.0,0.0,0.0,0.0,0.0,0.0,0.0,0.0,0.0,0.0,0.0,0.0,0.0,0.0,0.0,0.0,0.0,0.0,0.0,0.0,0.0,0.0,0.0,0.0,0.0,0.0,0.0,0.0,0.0,0.0,0.0,0.0,0.0,0.0,0.0,0.0,0.0,0.0
0.0,0.016492720741160857,0.01898909686771289,0.001825400917856967,0.010452961672473856,0.007146908678389112,0.009877643626934612,0.002902249952732029,0.0,0.0,0.0,0.0,0.0,0.0,0.0,0.003195311022877671,0.016492720741160857,0.0,0.012425474254742531,0.005036954915003689,0.009372822299651562,0.0048780487804878005,0.0,0.0,0.0,0.0,0.0,0.0020325203252032,0.0,0.0,0.0,0.0,0.01898909686771289,0.012425474254742531,0.0,0.005186006405518595,0.000909794812233836,0.00013550135501354948,0.0,0.0,0.0025745257452574498,0.0,0.0,0.0,0.0,0.0,0.0,0.0,0.001825400917856967,0.005036954915003689,0.005186006405518595,0.0,0.0034843205574912857,0.0,0.0029036004645760713,0.002586844050258682,0.0,0.0,0.0,0.0,0.0,0.0,0.0,0.0,0.010452961672473856,0.009372822299651562,0.000909794812233836,0.0034843205574912857,0.0,0.0,0.0029036004645760713,0.0,0.0,0.0,0.0,0.0,0.0,0.0,0.0,0.0,0.007146908678389112,0.0048780487804878005,0.00013550135501354948,0.0,0.0,0.0,0.005807200929152143,0.0024390243902439003,0.0,0.0040650406504065,0.0,0.0,0.0,0.0,0.0,0.0,0.009877643626934612,0.0,0.0,0.0029036004645760713,0.0029036004645760713,0.005807200929152143,0.0,0.0029036004645760713,0.0,0.0,0.0,0.0,0.0,0.0,0.0,0.0,0.002902249952732029,0.0,0.0,0.002586844050258682,0.0,0.0024390243902439003,0.0029036004645760713,0.0,0.0,0.0,0.0,0.0,0.0,0.0,0.0,0.0,0.0,0.0,0.0025745257452574498,0.0,0.0,0.0,0.0,0.0,0.0,0.0,0.0,0.0,0.0,0.0,0.0,0.0,0.0,0.0,0.0,0.0,0.0,0.0040650406504065,0.0,0.0,0.0,0.0,0.0,0.0,0.0,0.0,0.0,0.0,0.0,0.0,0.0,0.0,0.0,0.0,0.0,0.0,0.0,0.0,0.0,0.0,0.0,0.0,0.0,0.0,0.0,0.0020325203252032,0.0,0.0,0.0,0.0,0.0,0.0,0.0,0.0,0.0,0.0,0.0,0.0,0.0,0.0,0.0,0.0,0.0,0.0,0.0,0.0,0.0,0.0,0.0,0.0,0.0,0.0,0.0,0.0,0.0,0.0,0.0,0.0,0.0,0.0,0.0,0.0,0.0,0.0,0.0,0.0,0.0,0.0,0.0,0.0,0.0,0.0,0.0,0.0,0.0,0.0,0.0,0.0,0.0,0.0,0.0,0.0,0.0,0.0,0.0,0.0,0.0,0.0,0.003195311022877671,0.0,0.0,0.0,0.0,0.0,0.0,0.0,0.0,0.0,0.0,0.0,0.0,0.0,0.0,0.0
0.0,0.02151622249816923,0.018326869806094184,0.00017459917736924613,0.0024007386888273315,0.0048661126500461754,0.0021052631578947203,0.0024007386888273315,0.0,0.0,0.0024007386888273315,0.0,0.0024007386888273315,0.0,0.0,0.0,0.02151622249816923,0.0,0.002656987295825773,4.949678270914273e-05,0.0027586206896551557,0.0022323049001814815,0.002504537205081669,0.0006049606775559288,0.0,0.0,0.0,0.0,0.0,0.0,0.002504537205081669,0.0021052631578947,0.018326869806094184,0.002656987295825773,0.0,0.01519617224880383,0.0028421052631578706,0.00015789473684210817,0.004210526315789441,0.0,0.0,0.0,0.0025263157894736834,0.0,0.0,0.0,0.0,0.0,0.00017459917736924613,4.949678270914273e-05,0.01519617224880383,0.0,0.0026315789473684123,0.002248803827751196,0.004976076555023909,0.0,0.0,0.0,0.0,0.0,0.0,0.0,0.0,0.0,0.0024007386888273315,0.0027586206896551557,0.0028421052631578706,0.0026315789473684123,0.0,0.0026315789473684123,0.0,0.0028070175438596333,0.0,0.0,0.0,0.0,0.0,0.0,0.0,0.0,0.0048661126500461754,0.0022323049001814815,0.00015789473684210817,0.002248803827751196,0.0026315789473684123,0.0,0.0021052631578947203,0.0,0.0,0.002368421052631575,0.0,0.0,0.0,0.0,0.0,0.0,0.0021052631578947203,0.002504537205081669,0.004210526315789441,0.004976076555023909,0.0,0.0021052631578947203,0.0,0.0,0.0,0.0,0.0,0.0,0.0,0.0,0.0,0.0,0.0024007386888273315,0.0006049606775559288,0.0,0.0,0.0028070175438596333,0.0,0.0,0.0,0.0021052631578947,0.0,0.0,0.0,0.0,0.0,0.0,0.0,0.0,0.0,0.0,0.0,0.0,0.0,0.0,0.0021052631578947,0.0,0.0,0.0,0.0,0.0,0.0,0.0,0.0,0.0,0.0,0.0,0.0,0.0,0.002368421052631575,0.0,0.0,0.0,0.0,0.0,0.0,0.0,0.0,0.0,0.0,0.0024007386888273315,0.0,0.0025263157894736834,0.0,0.0,0.0,0.0,0.0,0.0,0.0,0.0,0.0,0.0,0.0,0.0,0.0,0.0,0.0,0.0,0.0,0.0,0.0,0.0,0.0,0.0,0.0,0.0,0.0,0.0,0.0,0.0,0.0,0.0024007386888273315,0.0,0.0,0.0,0.0,0.0,0.0,0.0,0.0,0.0,0.0,0.0,0.0,0.0,0.0,0.0,0.0,0.0,0.0,0.0,0.0,0.0,0.0,0.0,0.0,0.0,0.0,0.0,0.0,0.0,0.0,0.0,0.0,0.002504537205081669,0.0,0.0,0.0,0.0,0.0,0.0,0.0,0.0,0.0,0.0,0.0,0.0,0.0,0.0,0.0,0.0021052631578947,0.0,0.0,0.0,0.0,0.0,0.0,0.0,0.0,0.0,0.0,0.0,0.0,0.0,0.0
0.0,0.0050085772475813445,0.002239437582248493,0.004961341372879207,0.005106198055299039,0.007516703786191537,0.002227171492204883,0.0025530990276495195,0.0,0.0,0.0,0.0,0.0,0.0,0.0,0.0,0.0050085772475813445,0.0,0.005886021713620546,0.002498305412995061,0.004309092669700809,0.005011135857461025,0.0019043930150737217,0.0,0.0,0.0025499499693360447,0.0,0.0,0.0,0.0,0.0,0.0,0.002239437582248493,0.005886021713620546,0.0,0.01176329717173167,0.003879589050937521,0.0002963574969466168,0.002227171492204883,0.0,0.002801925425677129,0.0,0.0,0.0,0.0,0.0,0.0,0.0,0.004961341372879207,0.002498305412995061,0.01176329717173167,0.0,0.0,0.005048255382331106,0.002524127691165553,0.0,0.0,0.0022271714922048,0.0002969561989607031,0.002524127691165553,0.0,0.0,0.0,0.0,0.005106198055299039,0.004309092669700809,0.003879589050937521,0.0,0.0,0.0025055679287305124,0.0,0.0,0.0,0.0,0.00222717149220485,0.0,0.0044543429844097,0.0,0.0022271714922048,0.0,0.007516703786191537,0.005011135857461025,0.0002963574969466168,0.005048255382331106,0.0025055679287305124,0.0,0.0002783964365256292,0.0,0.0,0.0,0.0,0.0,0.0,0.0,0.0,0.0,0.002227171492204883,0.0019043930150737217,0.002227171492204883,0.002524127691165553,0.0,0.0002783964365256292,0.0,0.002227171492204883,0.0,0.0,0.0,0.0,0.0,0.0,0.0,0.0,0.0025530990276495195,0.0,0.0,0.0,0.0,0.0,0.002227171492204883,0.0,0.0,0.0,0.00445434298440975,0.0,0.0,0.0,0.0,0.0,0.0,0.0,0.002801925425677129,0.0,0.0,0.0,0.0,0.0,0.0,0.0,0.0,0.0,0.0,0.0,0.0,0.0,0.0,0.0025499499693360447,0.0,0.0022271714922048,0.0,0.0,0.0,0.0,0.0,0.0,0.0,0.0,0.0,0.0,0.0,0.0,0.0,0.0,0.0,0.0002969561989607031,0.00222717149220485,0.0,0.0,0.00445434298440975,0.0,0.0,0.0,0.0,0.0,0.0,0.0,0.0,0.0,0.0,0.0,0.002524127691165553,0.0,0.0,0.0,0.0,0.0,0.0,0.0,0.0,0.0,0.0,0.0,0.0,0.0,0.0,0.0,0.0,0.0044543429844097,0.0,0.0,0.0,0.0,0.0,0.0,0.0,0.0,0.0,0.0,0.0,0.0,0.0,0.0,0.0,0.0,0.0,0.0,0.0,0.0,0.0,0.0,0.0,0.0,0.0,0.0,0.0,0.0,0.0,0.0,0.0,0.0022271714922048,0.0,0.0,0.0,0.0,0.0,0.0,0.0,0.0,0.0,0.0,0.0,0.0,0.0,0.0,0.0,0.0,0.0,0.0,0.0,0.0,0.0,0.0,0.0,0.0,0.0,0.0,0.0
0.0,0.0045586643113567915,0.026607764269896476,0.0024195987498739947,0.002839667977282653,0.0052424639580603075,0.002839667977282653,0.0,0.0,0.0,0.00229357798165135,0.0,0.0,0.0,0.0,0.0,0.0045586643113567915,0.0,0.0022781040672324466,0.0017297720229510968,0.01062026326286398,0.00104706820901474,0.0,0.0,0.0,0.0,0.0,0.0022935779816513,0.0,0.0,0.0,0.0,0.026607764269896476,0.0022781040672324466,0.0,0.0012410872898060386,0.009147948961299161,0.0,0.0030844669408415038,0.0,0.0,0.0,0.0,0.0,0.0,0.0,0.0,0.0,0.0024195987498739947,0.0017297720229510968,0.0012410872898060386,0.0,0.0036462008939073176,0.0,0.0024700070571630154,0.0,0.0045871559633027,0.0,0.0,0.0,0.0,0.0,0.0,0.0,0.002839667977282653,0.01062026326286398,0.009147948961299161,0.0036462008939073176,0.0,0.0045871559633027335,0.0,0.0030581039755351665,0.0,0.0,0.00229357798165135,0.0,0.0,0.0,0.0,0.0,0.0052424639580603075,0.00104706820901474,0.0,0.0,0.0045871559633027335,0.0,0.0,0.0,0.0,0.0,0.0,0.0,0.0,0.0,0.0,0.0,0.002839667977282653,0.0,0.0030844669408415038,0.0024700070571630154,0.0,0.0,0.0,0.00458715596330275,0.0,0.0,0.0,0.0030581039755351665,0.0,0.0,0.0,0.0,0.0,0.0,0.0,0.0,0.0030581039755351665,0.0,0.00458715596330275,0.0,0.0,0.0,0.00458715596330275,0.0,0.0,0.0,0.0,0.0,0.0,0.0,0.0,0.0045871559633027,0.0,0.0,0.0,0.0,0.0,0.0,0.0,0.0,0.0,0.0,0.0,0.0,0.0,0.0,0.0,0.0,0.0,0.0,0.0,0.0,0.0,0.0,0.0,0.0,0.0,0.0,0.0,0.0,0.00229357798165135,0.0,0.0,0.0,0.00229357798165135,0.0,0.0,0.00458715596330275,0.0,0.0,0.0,0.0,0.0,0.0,0.0,0.0,0.0,0.0022935779816513,0.0,0.0,0.0,0.0,0.0030581039755351665,0.0,0.0,0.0,0.0,0.0,0.0,0.0,0.0,0.0,0.0,0.0,0.0,0.0,0.0,0.0,0.0,0.0,0.0,0.0,0.0,0.0,0.0,0.0,0.0,0.0,0.0,0.0,0.0,0.0,0.0,0.0,0.0,0.0,0.0,0.0,0.0,0.0,0.0,0.0,0.0,0.0,0.0,0.0,0.0,0.0,0.0,0.0,0.0,0.0,0.0,0.0,0.0,0.0,0.0,0.0,0.0,0.0,0.0,0.0,0.0,0.0,0.0,0.0,0.0,0.0,0.0,0.0,0.0,0.0,0.0,0.0,0.0,0.0
0.0,0.006244272962616433,0.007873392471728097,0.003344910225685357,0.002678491330146501,0.00201207243460764,0.0021786771584923555,0.0,0.0001666047238847554,0.0,0.0021786771584923555,0.0,0.0,0.0,0.0,0.0,0.006244272962616433,0.0,0.0017716593679725414,0.004810110663983912,0.00047157947686118137,0.0043385311871227345,0.0021692655935613672,0.0,0.0,0.0,0.0,0.0,0.0,0.0,0.0,0.0,0.007873392471728097,0.0017716593679725414,0.0,0.004971002485501246,0.002307965439696983,0.0004734288081429845,0.0048289738430583205,0.0,0.0,0.0022487868386791322,0.0,0.0022487868386791322,0.0,0.0,0.0,0.0,0.003344910225685357,0.004810110663983912,0.004971002485501246,0.0,0.0010060362173038222,0.0020120724346076426,0.0,0.0,0.0,0.0020120724346076413,0.0,0.0,0.0,0.0,0.0,0.0,0.002678491330146501,0.00047157947686118137,0.002307965439696983,0.0010060362173038222,0.0,0.0,0.0048289738430583205,0.0,0.006036217303822921,0.0,0.0,0.0,0.0,0.0,0.0,0.0,0.00201207243460764,0.0043385311871227345,0.0004734288081429845,0.0020120724346076426,0.0,0.0,0.0,0.0,0.00201207243460764,0.0,0.0,0.0,0.0,0.0,0.0,0.0,0.0021786771584923555,0.0021692655935613672,0.0048289738430583205,0.0,0.0048289738430583205,0.0,0.0,0.0024144869215291602,0.0,0.0,0.0,0.0,0.0,0.0,0.0,0.0,0.0,0.0,0.0,0.0,0.0,0.0,0.0024144869215291602,0.0,0.0,0.0,0.0,0.0,0.0,0.0,0.0,0.0,0.0001666047238847554,0.0,0.0,0.0,0.006036217303822921,0.00201207243460764,0.0,0.0,0.0,0.0,0.0,0.0,0.0,0.0,0.0,0.0,0.0,0.0,0.0022487868386791322,0.0020120724346076413,0.0,0.0,0.0,0.0,0.0,0.0,0.0,0.0,0.0,0.0,0.0,0.0,0.0021786771584923555,0.0,0.0,0.0,0.0,0.0,0.0,0.0,0.0,0.0,0.0,0.0,0.0,0.0,0.0,0.0,0.0,0.0,0.0022487868386791322,0.0,0.0,0.0,0.0,0.0,0.0,0.0,0.0,0.0,0.0,0.0,0.0,0.0,0.0,0.0,0.0,0.0,0.0,0.0,0.0,0.0,0.0,0.0,0.0,0.0,0.0,0.0,0.0,0.0,0.0,0.0,0.0,0.0,0.0,0.0,0.0,0.0,0.0,0.0,0.0,0.0,0.0,0.0,0.0,0.0,0.0,0.0,0.0,0.0,0.0,0.0,0.0,0.0,0.0,0.0,0.0,0.0,0.0,0.0,0.0,0.0,0.0,0.0,0.0,0.0,0.0,0.0,0.0,0.0,0.0,0.0,0.0,0.0,0.0,0.0,0.0,0.0
