0.031827263259467005,0.024827305260743414,0.02120736556645791,0.00855969122667284,0.00855969122667284,0.0,0.0,0.0,0.0,0.0,0.0,0.0,0.0,0.0,0.0,0.0,0.0,0.0,0.0,0.0,0.0,0.024827305260743414,0.04386792942428483,0.0320643896802374,0.02941096768264804,0.020604950037187153,0.020077069580974702,0.007188629350151098,0.0,0.0,0.0,0.0,0.0,0.0,0.0,0.0,0.0,0.0,0.0,0.0,0.0,0.0,0.02120736556645791,0.0320643896802374,0.0412283555208912,0.03416800406020179,0.03152231320211442,0.00688717910953736,0.019842849865214143,0.0065826998925140896,0.01362991937618989,0.0,0.0,0.0,0.0,0.009895771728353764,0.0,0.0,0.0,0.0,0.0,0.0,0.0,0.00855969122667284,0.02941096768264804,0.03416800406020179,0.06143755820165259,0.0428210906609085,0.03907608670195476,0.020288444938745626,0.019912971005246555,0.006941876299704328,0.011716976478462503,0.00880814213384568,0.0,0.0,0.0,0.0,0.0,0.0,0.0,0.0,0.0,0.0,0.00855969122667284,0.020604950037187153,0.03152231320211442,0.0428210906609085,0.06501740311942789,0.04426907617645574,0.029451021276854037,0.03277664115633242,0.026115270873537884,0.011716976478462503,0.0,0.0,0.0,0.0,0.0,0.0,0.0,0.0,0.0,0.0,0.0,0.0,0.020077069580974702,0.00688717910953736,0.03907608670195476,0.04426907617645574,0.047882575887451255,0.030647946500268284,0.03100274858806989,0.03235062371467841,0.014779109262961101,0.0,0.00688717910953736,0.0,0.0,0.0,0.0,0.0,0.0,0.0,0.0,0.0,0.0,0.007188629350151098,0.019842849865214143,0.020288444938745626,0.029451021276854037,0.030647946500268284,0.03575781058072017,0.025578005346389397,0.03185066296475463,0.00789193015342374,0.0,0.007063573265736339,0.0,0.0,0.0056417320436820675,0.0,0.0,0.0,0.0,0.0,0.0,0.0,0.0,0.0065826998925140896,0.019912971005246555,0.03277664115633242,0.03100274858806989,0.025578005346389397,0.03985480122400005,0.03912965767375881,0.029630857313127385,0.025146641198839484,0.016771241608035798,0.01461966882523603,0.0,0.0,0.0,0.0,0.0,0.0,0.0,0.0,0.0,0.0,0.01362991937618989,0.006941876299704328,0.026115270873537884,0.03235062371467841,0.03185066296475463,0.03912965767375881,0.020377179408583655,0.020766413768783493,0.0,0.007063573265736339,0.021844024744354346,0.006866189850749157,0.0,0.0,0.0,0.0,0.0,0.0,0.0,0.0,0.0,0.0,0.011716976478462503,0.011716976478462503,0.014779109262961101,0.00789193015342374,0.029630857313127385,0.020766413768783493,0.029556738721150715,0.011716976478462503,0.01847263103315901,0.011967472895134255,0.009895771728353764,0.0,0.0,0.0,0.0,0.0,0.0,0.0,0.0,0.0,0.0,0.00880814213384568,0.0,0.0,0.0,0.025146641198839484,0.0,0.011716976478462503,0.02583040898298277,0.013375522757746967,0.011967472895134255,0.0,0.0,0.0,0.0,0.0,0.0,0.0,0.0,0.0,0.0,0.0,0.0,0.0,0.00688717910953736,0.007063573265736339,0.016771241608035798,0.007063573265736339,0.01847263103315901,0.013375522757746967,0.0,0.0,0.01058070087973527,0.0,0.01817257840787193,0.0,0.0,0.0,0.0,0.0,0.0,0.0,0.0,0.0,0.0,0.0,0.0,0.01461966882523603,0.021844024744354346,0.011967472895134255,0.011967472895134255,0.0,0.0,0.0,0.0,0.0,0.0,0.0056417320436820675,0.0,0.0,0.0,0.0,0.0,0.009895771728353764,0.0,0.0,0.0,0.0,0.0,0.006866189850749157,0.009895771728353764,0.0,0.01058070087973527,0.0,0.0,0.0,0.009895771728353764,0.007978605967780567,0.0,0.0,0.0,0.0,0.0,0.0,0.0,0.0,0.0,0.0,0.0056417320436820675,0.0,0.0,0.0,0.0,0.0,0.0,0.0,0.0,0.007860990087812773,0.0,0.0,0.0,0.0,0.0,0.0,0.0,0.0,0.0,0.0,0.0,0.0,0.0,0.0,0.0,0.0,0.01817257840787193,0.0,0.009895771728353764,0.007860990087812773,0.0,0.0,0.0,0.0,0.0,0.0,0.0,0.0,0.0,0.0,0.0,0.0,0.0,0.0,0.0,0.0,0.0,0.0,0.0,0.007978605967780567,0.0,0.0,0.0,0.007978605967780567,0.0,0.0,0.0,0.0,0.0,0.0,0.0,0.0,0.0,0.0,0.0,0.0,0.0,0.0,0.0,0.0056417320436820675,0.0,0.0,0.0,0.007978605967780567,0.0,0.0,0.0,0.0,0.0,0.0,0.0,0.0,0.0,0.0,0.0,0.0,0.0,0.0,0.0,0.0,0.0,0.0,0.0,0.0,0.0,0.0,0.0,0.0,0.0,0.0,0.0,0.0,0.0,0.0,0.0,0.0,0.0,0.0,0.0,0.0,0.0,0.0,0.0,0.0,0.0,0.0,0.0,0.0,0.0,0.0,0.0,0.0,0.0,0.0,0.0,0.0,0.0,0.0,0.0,0.0,0.0,0.0,0.0,0.0,0.0,0.0,0.0,0.0,0.0,0.0,0.0
0.030027320213323147,0.012061519302138396,0.01964535817537643,0.00990228193323567,0.008120410555042796,0.0,0.0,0.0,0.0,0.0,0.0,0.0,0.0,0.0,0.0,0.0,0.0,0.0,0.0,0.0,0.0,0.012061519302138396,0.039927764267590454,0.03700465590208848,0.031721085477116814,0.022169731917185513,0.0091864262956028,0.0091864262956028,0.0,0.0,0.0,0.0,0.0,0.0,0.0,0.0,0.0,0.0,0.0,0.0,0.0,0.0,0.01964535817537643,0.03700465590208848,0.038782285986773926,0.036079346834813036,0.036394740478750603,0.021911524575522753,0.007811265144330229,0.007811265144330229,0.007811265144330229,0.0,0.0,0.0,0.0,0.0,0.0,0.0,0.0,0.0,0.0,0.0,0.0,0.00990228193323567,0.031721085477116814,0.036079346834813036,0.054922649892867284,0.05025503914981356,0.03963802627550709,0.020227492860530376,0.02030377533258821,0.008524859576177681,0.0,0.0,0.0,0.0,0.0,0.0,0.0,0.0,0.0,0.0,0.0,0.0,0.008120410555042796,0.022169731917185513,0.036394740478750603,0.05025503914981356,0.07091469767875773,0.038438467570032206,0.015265301019244367,0.03041524313442359,0.015600596712767848,0.01054610024284857,0.0,0.0,0.0,0.007075737136590167,0.0,0.0,0.0,0.0,0.0,0.0,0.0,0.0,0.0091864262956028,0.021911524575522753,0.03963802627550709,0.038438467570032206,0.04883268189652695,0.0369170503356672,0.03661618747666633,0.03143116090866993,0.017464235973164176,0.0,0.007062345586033674,0.0,0.0,0.0,0.0,0.0,0.0,0.0,0.0,0.0,0.0,0.0091864262956028,0.007811265144330229,0.020227492860530376,0.015265301019244367,0.0369170503356672,0.03883918961253607,0.03252887314838137,0.028899760220754273,0.020871311170143278,0.007260473458282587,0.010718265389689733,0.0,0.0,0.0,0.0,0.0,0.0,0.0,0.0,0.0,0.0,0.0,0.007811265144330229,0.02030377533258821,0.03041524313442359,0.03661618747666633,0.03252887314838137,0.04899502903385844,0.02566046429931651,0.022793644138695522,0.026525432971555563,0.007056880998611268,0.0,0.013096417347313687,0.007056880998611268,0.0,0.0,0.0,0.0,0.0,0.0,0.0,0.0,0.007811265144330229,0.008524859576177681,0.015600596712767848,0.03143116090866993,0.028899760220754273,0.02566046429931651,0.04208916790696162,0.01054610024284857,0.02339652859656496,0.01568366865541079,0.008524859576177681,0.012564046952002821,0.0,0.0,0.0,0.0,0.0,0.0,0.0,0.0,0.0,0.0,0.0,0.01054610024284857,0.017464235973164176,0.020871311170143278,0.022793644138695522,0.01054610024284857,0.014155318035950116,0.02946076519893292,0.0,0.007594607720551282,0.007077659017975058,0.007077659017975058,0.0,0.0,0.0,0.0,0.0,0.0,0.0,0.0,0.0,0.0,0.0,0.0,0.007260473458282587,0.026525432971555563,0.02339652859656496,0.02946076519893292,0.0,0.0,0.01842708936511342,0.0,0.007260473458282587,0.0,0.0,0.0,0.0,0.0,0.0,0.0,0.0,0.0,0.0,0.0,0.007062345586033674,0.010718265389689733,0.007056880998611268,0.01568366865541079,0.0,0.0,0.014317618158466217,0.01347120915236487,0.007594607720551282,0.007158809079233108,0.007867638744726116,0.0,0.005563266134260156,0.0,0.0,0.0,0.0,0.0,0.0,0.0,0.0,0.0,0.0,0.0,0.008524859576177681,0.007594607720551282,0.01842708936511342,0.01347120915236487,0.0,0.0,0.007594607720551282,0.0,0.0,0.007594607720551282,0.0,0.0,0.0,0.0,0.0,0.0,0.0,0.007075737136590167,0.0,0.0,0.013096417347313687,0.012564046952002821,0.007077659017975058,0.0,0.007594607720551282,0.0,0.02222187592322046,0.013157873854811437,0.0,0.0,0.0,0.0,0.0,0.0,0.0,0.0,0.0,0.0,0.0,0.0,0.0,0.007056880998611268,0.0,0.007077659017975058,0.007260473458282587,0.007158809079233108,0.007594607720551282,0.013157873854811437,0.0,0.007867638744726116,0.0,0.0,0.0,0.0,0.0,0.0,0.0,0.0,0.0,0.0,0.0,0.0,0.0,0.0,0.0,0.0,0.007867638744726116,0.0,0.0,0.007867638744726116,0.0,0.0,0.0,0.0,0.0,0.0,0.0,0.0,0.0,0.0,0.0,0.0,0.0,0.0,0.0,0.0,0.0,0.0,0.0,0.0,0.0,0.0,0.0,0.0,0.0,0.0,0.0,0.0,0.0,0.0,0.0,0.0,0.0,0.0,0.0,0.0,0.0,0.0,0.005563266134260156,0.007594607720551282,0.0,0.0,0.0,0.0,0.0,0.0,0.0,0.0,0.0,0.0,0.0,0.0,0.0,0.0,0.0,0.0,0.0,0.0,0.0,0.0,0.0,0.0,0.0,0.0,0.0,0.0,0.0,0.0,0.0,0.0,0.0,0.0,0.0,0.0,0.0,0.0,0.0,0.0,0.0,0.0,0.0,0.0,0.0,0.0,0.0,0.0,0.0,0.0,0.0,0.0,0.0,0.0,0.0,0.0,0.0,0.0,0.0,0.0,0.0,0.0,0.0,0.0,0.0,0.0,0.0,0.0,0.0,0.0,0.0,0.0,0.0
0.02055774657749525,0.01884415071691643,0.005447724719602649,0.008131025571461895,0.013383230056310562,0.0,0.005447724719602649,0.0,0.0,0.0,0.0,0.0,0.0,0.0,0.0,0.0,0.0,0.0,0.0,0.0,0.0,0.01884415071691643,0.028641972129985996,0.02435769409223313,0.029142864345045844,0.005139426511815054,0.014446619725209223,0.005139426511815054,0.005139426511815054,0.0,0.0,0.0,0.0,0.0,0.0,0.0,0.0,0.0,0.0,0.0,0.0,0.0,0.005447724719602649,0.02435769409223313,0.03540036480260982,0.03281709390349043,0.025849251063829844,0.015802246571036453,0.008716240330370875,0.005927602387013884,0.005927602387013884,0.0,0.0,0.0,0.0,0.0,0.0,0.0,0.0,0.0,0.0,0.0,0.0,0.008131025571461895,0.029142864345045844,0.03281709390349043,0.0459350312974667,0.048770758855365665,0.032824880810568224,0.02489776870841818,0.02540955878588142,0.0,0.0054774797995692445,0.0054774797995692445,0.0054774797995692445,0.0,0.0,0.0,0.0,0.0,0.0,0.0,0.0,0.0,0.013383230056310562,0.005139426511815054,0.025849251063829844,0.048770758855365665,0.04016143541970402,0.036765330335558496,0.024532603570573557,0.021720276846302407,0.015097567477938553,0.010321244188695192,0.005252204484848666,0.0,0.005252204484848666,0.0,0.0,0.0,0.0,0.0,0.0,0.0,0.0,0.0,0.014446619725209223,0.015802246571036453,0.032824880810568224,0.036765330335558496,0.04466498010357592,0.029251989366285126,0.03373029433003911,0.020025469922343792,0.007099446909383189,0.007099446909383189,0.0,0.0,0.010572750329060028,0.0,0.0,0.0,0.0,0.0,0.0,0.0,0.005447724719602649,0.005139426511815054,0.008716240330370875,0.02489776870841818,0.024532603570573557,0.029251989366285126,0.026197996594995568,0.03205926747257898,0.03087699739964788,0.01735750391838721,0.009596509572290128,0.011527148410792935,0.005283772904842065,0.0,0.0,0.0,0.0,0.0,0.0,0.0,0.0,0.0,0.005139426511815054,0.005927602387013884,0.02540955878588142,0.021720276846302407,0.03373029433003911,0.03205926747257898,0.030020787388895315,0.028967574452287485,0.023697942883264822,0.009213318218280976,0.016003778355412713,0.004962427778687331,0.004962427778687331,0.0,0.0,0.0,0.0,0.0,0.0,0.0,0.0,0.0,0.005927602387013884,0.0,0.015097567477938553,0.020025469922343792,0.03087699739964788,0.028967574452287485,0.0204898205682504,0.0102449102841252,0.014582587718624338,0.011302178666526622,0.005432203189608199,0.0,0.0,0.0,0.0,0.0,0.0,0.0,0.0,0.0,0.0,0.0,0.0054774797995692445,0.010321244188695192,0.007099446909383189,0.01735750391838721,0.023697942883264822,0.0102449102841252,0.015152016706230256,0.009597565833644118,0.013758615245128116,0.005069039703846525,0.013616289916446393,0.005069039703846525,0.0,0.0,0.0,0.0,0.0,0.0,0.0,0.0,0.0,0.0054774797995692445,0.005252204484848666,0.007099446909383189,0.009596509572290128,0.009213318218280976,0.014582587718624338,0.009597565833644118,0.012932281948454591,0.006466140974227296,0.009596509572290128,0.0153225377792937,0.008123648173743715,0.006466140974227296,0.0,0.006466140974227296,0.0,0.0,0.0,0.0,0.0,0.0,0.0054774797995692445,0.0,0.0,0.011527148410792935,0.016003778355412713,0.011302178666526622,0.013758615245128116,0.006466140974227296,0.011651296507365932,0.01394929642742668,0.011551676460686538,0.008123648173743715,0.005825648253682966,0.0,0.0,0.0,0.0,0.0,0.0,0.0,0.0,0.0,0.005252204484848666,0.0,0.005283772904842065,0.004962427778687331,0.005432203189608199,0.005069039703846525,0.009596509572290128,0.01394929642742668,0.010864406379216398,0.01589256279502777,0.0,0.0,0.0,0.0,0.0,0.0,0.0,0.0,0.0,0.0,0.0,0.0,0.010572750329060028,0.0,0.004962427778687331,0.0,0.013616289916446393,0.0153225377792937,0.011551676460686538,0.01589256279502777,0.0,0.016194407052849163,0.0057260282070035725,0.0,0.00417100464840117,0.0,0.0,0.0,0.0,0.0,0.0,0.0,0.0,0.0,0.0,0.0,0.0,0.005069039703846525,0.008123648173743715,0.008123648173743715,0.0,0.016194407052849163,0.010864406379216398,0.0,0.0,0.005432203189608199,0.0,0.0,0.0,0.0,0.0,0.0,0.0,0.0,0.0,0.0,0.0,0.0,0.0,0.006466140974227296,0.005825648253682966,0.0,0.0057260282070035725,0.0,0.0,0.0,0.0,0.0,0.0,0.0,0.0,0.0,0.0,0.0,0.0,0.0,0.0,0.0,0.0,0.0,0.0,0.0,0.0,0.0,0.0,0.0,0.0,0.0,0.0,0.0,0.0,0.0,0.0,0.0,0.0,0.0,0.0,0.0,0.0,0.0,0.0,0.006466140974227296,0.0,0.0,0.00417100464840117,0.005432203189608199,0.0,0.0,0.0,0.0,0.0,0.0,0.0,0.0,0.0,0.0,0.0,0.0,0.0,0.0,0.0,0.0,0.0,0.0,0.0,0.0,0.0,0.0,0.0,0.0,0.0,0.0,0.0,0.0,0.0,0.0,0.0,0.0,0.0,0.0,0.0,0.0,0.0,0.0,0.0,0.0,0.0,0.0,0.0,0.0,0.0,0.0,0.0,0.0,0.0,0.0,0.0,0.0,0.0,0.0,0.0,0.0,0.0,0.0,0.0,0.0,0.0,0.0,0.0,0.0,0.0,0.0,0.0,0.0,0.0
0.017206297385467424,0.02802302338023182,0.013893908457410628,0.007248181705812317,0.005008191298549696,0.0,0.0,0.0,0.0,0.0,0.0,0.0,0.0,0.0,0.0,0.0,0.0,0.0,0.0,0.0,0.0,0.02802302338023182,0.026858485446522907,0.018127280672999912,0.027168611799483156,0.009263636578445549,0.00954759664505388,0.0,0.0051900413724491464,0.0,0.0,0.0,0.0,0.0,0.0,0.0,0.0,0.0,0.0,0.0,0.0,0.0,0.013893908457410628,0.018127280672999912,0.03331591729347142,0.04026314186501545,0.016285024203169088,0.016695689817016073,0.010598571988674905,0.012761486779899817,0.00800620021337773,0.009239792708503442,0.006286768880508696,0.0,0.0,0.0,0.0,0.0,0.0,0.0,0.0,0.0,0.0,0.007248181705812317,0.027168611799483156,0.04026314186501545,0.05199867622211117,0.034417614474113616,0.033507652375677696,0.0258166627203835,0.011237414825828181,0.010364103251055062,0.0,0.0,0.0,0.0,0.0,0.0,0.0,0.0,0.0,0.0,0.0,0.0,0.005008191298549696,0.009263636578445549,0.016285024203169088,0.034417614474113616,0.03485826613503716,0.04149637423898574,0.03349820361990698,0.027134669561971206,0.0,0.011241093957688353,0.011294960179058393,0.0,0.0,0.0,0.0,0.0,0.0,0.0,0.0,0.0,0.0,0.0,0.00954759664505388,0.016695689817016073,0.033507652375677696,0.04149637423898574,0.04008627879248658,0.023719923935968806,0.026251993864073116,0.02480988038718745,0.023156644498611947,0.011476810252957843,0.010846298934800316,0.0051900413724491464,0.0,0.0,0.0,0.0,0.0,0.0,0.0,0.0,0.0,0.0,0.010598571988674905,0.0258166627203835,0.03349820361990698,0.023719923935968806,0.0334562994837423,0.026922652340833648,0.018712762558846283,0.015750979062893546,0.014480806895310578,0.010796554559838183,0.0,0.008957091378292707,0.0,0.0,0.0,0.0,0.0,0.0,0.0,0.0,0.0051900413724491464,0.012761486779899817,0.011237414825828181,0.027134669561971206,0.026251993864073116,0.026922652340833648,0.03340879443803847,0.034330133106213245,0.02788467835115952,0.014530551270272713,0.0051900413724491464,0.0,0.006000867538680361,0.0,0.0,0.0,0.0,0.0,0.0,0.0,0.0,0.0,0.00800620021337773,0.010364103251055062,0.0,0.02480988038718745,0.018712762558846283,0.034330133106213245,0.02386417704651793,0.01912829203609438,0.009340509897823566,0.015762247718132765,0.010522178432845166,0.01140891641462308,0.005860777217199731,0.0,0.0,0.0,0.0,0.0,0.0,0.0,0.0,0.009239792708503442,0.0,0.011241093957688353,0.023156644498611947,0.015750979062893546,0.02788467835115952,0.01912829203609438,0.0,0.01177541205550463,0.01690399126972864,0.005570432289246118,0.015189994037431362,0.005860777217199731,0.006091679243362879,0.0,0.0,0.0,0.0,0.0,0.0,0.0,0.006286768880508696,0.0,0.011294960179058393,0.011476810252957843,0.014480806895310578,0.014530551270272713,0.009340509897823566,0.01177541205550463,0.01868101979564713,0.014725481460149854,0.008346996069785544,0.0,0.0,0.0,0.0,0.0,0.0,0.0,0.0,0.0,0.0,0.0,0.0,0.0,0.010846298934800316,0.010796554559838183,0.0051900413724491464,0.015762247718132765,0.01690399126972864,0.014725481460149854,0.025161534586284583,0.016785708649426703,0.00565625756235117,0.0,0.006091679243362879,0.0,0.0,0.0,0.0,0.0,0.0,0.0,0.0,0.0,0.0,0.0051900413724491464,0.0,0.0,0.010522178432845166,0.005570432289246118,0.008346996069785544,0.016785708649426703,0.011140864578492235,0.006000867538680361,0.0,0.006091679243362879,0.0,0.0,0.0,0.0,0.0,0.0,0.0,0.0,0.0,0.0,0.0,0.008957091378292707,0.006000867538680361,0.01140891641462308,0.015189994037431362,0.0,0.00565625756235117,0.006000867538680361,0.012001735077360721,0.005860777217199731,0.0,0.006000867538680361,0.006000867538680361,0.0,0.0,0.0,0.0,0.0,0.0,0.0,0.0,0.0,0.0,0.0,0.005860777217199731,0.005860777217199731,0.0,0.0,0.0,0.005860777217199731,0.0,0.0,0.008686940574489184,0.006182339545662152,0.0,0.0,0.0,0.0,0.0,0.0,0.0,0.0,0.0,0.0,0.0,0.0,0.006091679243362879,0.0,0.006091679243362879,0.006091679243362879,0.0,0.0,0.0,0.0,0.0,0.0,0.0,0.0,0.0,0.0,0.0,0.0,0.0,0.0,0.0,0.0,0.0,0.0,0.0,0.0,0.0,0.006000867538680361,0.008686940574489184,0.0,0.0,0.0,0.0,0.0,0.0,0.0,0.0,0.0,0.0,0.0,0.0,0.0,0.0,0.0,0.0,0.0,0.0,0.0,0.006000867538680361,0.006182339545662152,0.0,0.0,0.012364679091324304,0.0,0.0,0.0,0.0,0.0,0.0,0.0,0.0,0.0,0.0,0.0,0.0,0.0,0.0,0.0,0.0,0.0,0.0,0.0,0.0,0.0,0.0,0.0,0.0,0.0,0.0,0.0,0.0,0.0,0.0,0.0,0.0,0.0,0.0,0.0,0.0,0.0,0.0,0.0,0.0,0.0,0.0,0.0,0.0,0.0,0.0,0.0,0.0,0.0,0.0,0.0,0.0,0.0,0.0,0.0,0.0,0.0,0.0,0.0,0.0,0.0,0.0,0.0,0.0,0.0,0.0
0.036509066475930954,0.023447072103641067,0.027219576715748435,0.02126721032989909,0.0,0.0,0.007571810852572114,0.0,0.0,0.0,0.0,0.0,0.0,0.0,0.0,0.0,0.0,0.0,0.0,0.0,0.0,0.023447072103641067,0.03768497906340686,0.03872828812230093,0.038396014303578856,0.018634655957007067,0.006929755530753444,0.0,0.0,0.0,0.0,0.0,0.0,0.0,0.0,0.0,0.0,0.0,0.0,0.0,0.0,0.0,0.027219576715748435,0.03872828812230093,0.03318960955702816,0.0463049912547725,0.01659480477851408,0.019995763031497887,0.02222769944676236,0.0,0.006821405465759225,0.0,0.0,0.0,0.0,0.0,0.0,0.0,0.0,0.0,0.0,0.0,0.0,0.02126721032989909,0.038396014303578856,0.0463049912547725,0.044049417505843305,0.04487281513005348,0.027723442658684327,0.023047529475684548,0.006534562267755795,0.006534562267755795,0.0,0.006534562267755795,0.0,0.0,0.0,0.0,0.0,0.0,0.0,0.0,0.0,0.0,0.0,0.018634655957007067,0.01659480477851408,0.04487281513005348,0.035145041421805814,0.0501276431759415,0.03571717425928547,0.02581942525526475,0.020348958432660543,0.016338585387833688,0.0,0.0,0.0,0.0,0.0,0.0,0.0,0.0,0.0,0.0,0.0,0.0,0.006929755530753444,0.019995763031497887,0.027723442658684327,0.0501276431759415,0.04056761086346341,0.04218306314707947,0.024800985957512886,0.02231153284284966,0.02084530471177897,0.00781844379439237,0.013086562303703628,0.0,0.0,0.0,0.0,0.0,0.0,0.0,0.0,0.0,0.007571810852572114,0.0,0.02222769944676236,0.023047529475684548,0.03571717425928547,0.04218306314707947,0.0,0.023947446024698275,0.03166786655225218,0.013890354456040584,0.011093521150491635,0.0,0.0,0.0,0.0,0.0,0.0,0.0,0.0,0.0,0.0,0.0,0.0,0.0,0.006534562267755795,0.02581942525526475,0.024800985957512886,0.023947446024698275,0.03054984899467094,0.031066348468159182,0.01527492449733547,0.008170596808363658,0.0055399822689021225,0.007754736215760866,0.0,0.0,0.0,0.0,0.0,0.0,0.0,0.0,0.0,0.0,0.006821405465759225,0.006534562267755795,0.020348958432660543,0.02231153284284966,0.03166786655225218,0.031066348468159182,0.02090032173240328,0.028980339118501452,0.007103871691724025,0.013465056008620382,0.007103871691724025,0.012548434930452108,0.0,0.0,0.0,0.007103871691724025,0.0,0.0,0.0,0.0,0.0,0.0,0.0,0.016338585387833688,0.02084530471177897,0.013890354456040584,0.01527492449733547,0.028980339118501452,0.03174172549892111,0.01632226698627634,0.009143594405774004,0.016258559407644837,0.0054445632387280845,0.0057481912594699635,0.0057481912594699635,0.0057481912594699635,0.0,0.0,0.0,0.0,0.0,0.0,0.0,0.006534562267755795,0.0,0.00781844379439237,0.011093521150491635,0.008170596808363658,0.007103871691724025,0.01632226698627634,0.028153772479572965,0.017600588965499278,0.0,0.0054445632387280845,0.0,0.0,0.0,0.0,0.0,0.0,0.0,0.0,0.0,0.0,0.0,0.0,0.013086562303703628,0.0,0.0055399822689021225,0.013465056008620382,0.009143594405774004,0.017600588965499278,0.0,0.0,0.014588157644502088,0.0,0.0,0.006156806772950185,0.006156806772950185,0.0,0.0,0.0,0.0,0.0,0.0,0.0,0.0,0.0,0.0,0.007754736215760866,0.007103871691724025,0.016258559407644837,0.0,0.0,0.02209149599025229,0.0,0.0,0.0,0.0,0.0,0.0,0.0,0.0,0.0,0.0,0.0,0.0,0.0,0.0,0.0,0.0,0.012548434930452108,0.0054445632387280845,0.0054445632387280845,0.014588157644502088,0.0,0.0,0.0054445632387280845,0.0,0.0056588778228318665,0.0,0.0,0.0,0.0,0.0,0.0,0.0,0.0,0.0,0.0,0.0,0.0,0.0,0.0057481912594699635,0.0,0.0,0.0,0.0054445632387280845,0.0,0.0,0.0,0.0,0.0,0.0,0.0,0.0,0.0,0.0,0.0,0.0,0.0,0.0,0.0,0.0,0.0057481912594699635,0.0,0.0,0.0,0.0,0.0,0.0,0.0056588778228318665,0.0,0.0,0.0,0.0,0.0,0.0,0.0,0.0,0.0,0.0,0.0,0.0,0.0,0.0057481912594699635,0.0,0.006156806772950185,0.0,0.0056588778228318665,0.0,0.0056588778228318665,0.0,0.0057429873573734535,0.0,0.0056588778228318665,0.0,0.0,0.0,0.0,0.0,0.0,0.0,0.0,0.0,0.007103871691724025,0.0,0.0,0.006156806772950185,0.0,0.0,0.0,0.0,0.0057429873573734535,0.011485974714746907,0.0,0.0,0.0,0.0,0.0,0.0,0.0,0.0,0.0,0.0,0.0,0.0,0.0,0.0,0.0,0.0,0.0,0.0,0.0,0.0,0.0,0.0,0.0,0.0,0.0,0.0,0.0,0.0,0.0,0.0,0.0,0.0,0.0,0.0,0.0,0.0,0.0,0.0,0.0,0.0,0.0056588778228318665,0.0,0.0,0.0,0.0,0.0,0.0,0.0,0.0,0.0,0.0,0.0,0.0,0.0,0.0,0.0,0.0,0.0,0.0,0.0,0.0,0.0,0.0,0.0,0.0,0.0
0.012211202701887712,0.013383465796075288,0.018930287102795713,0.013905388577433217,0.0116983821694885,0.0,0.0,0.0,0.0,0.0,0.0,0.0,0.0,0.0,0.0,0.0,0.0,0.0,0.0,0.0,0.0,0.013383465796075288,0.03516234879392185,0.03435743147805102,0.010678969163605657,0.02562357457972501,0.0,0.010370929193361453,0.0,0.0,0.0,0.0,0.0,0.0,0.0,0.0,0.0,0.0,0.0,0.0,0.0,0.0,0.018930287102795713,0.03435743147805102,0.02068007523120663,0.03522609712816893,0.02415598763186729,0.020343003606502034,0.013204644558759956,0.005737098325669207,0.0,0.0,0.0,0.0,0.0,0.0,0.0,0.0,0.0,0.0,0.0,0.0,0.0,0.013905388577433217,0.010678969163605657,0.03522609712816893,0.04314061011746244,0.039828693863477364,0.03513178277317075,0.026144483286738025,0.016260491408596686,0.01093930158176537,0.005470897222981768,0.0,0.005311989762230068,0.0,0.0,0.0,0.0,0.0,0.0,0.0,0.0,0.0,0.0116983821694885,0.02562357457972501,0.02415598763186729,0.039828693863477364,0.03839931937285994,0.03959380084904162,0.019490965365444035,0.01666221357983127,0.01857419841617869,0.011063678041526413,0.006154448104409531,0.0,0.0,0.0,0.0,0.0,0.0,0.0,0.0,0.0,0.0,0.0,0.0,0.020343003606502034,0.03513178277317075,0.03959380084904162,0.03334119613313336,0.03673737182087897,0.03523315239328831,0.02073711708594256,0.008064160056467555,0.005627401234804333,0.014715016780846012,0.005627401234804333,0.0,0.0,0.0,0.0,0.0,0.0,0.0,0.0,0.0,0.010370929193361453,0.013204644558759956,0.026144483286738025,0.019490965365444035,0.03673737182087897,0.027694574989734842,0.020924421806952073,0.030652182008830568,0.022473153380620475,0.014114329777321147,0.016462877942616243,0.0,0.0,0.0,0.0,0.0,0.0,0.0,0.0,0.0,0.0,0.0,0.005737098325669207,0.016260491408596686,0.01666221357983127,0.03523315239328831,0.020924421806952073,0.021305051164664177,0.01893034631382574,0.02061766674794015,0.02197395262119938,0.02334560356252692,0.005551716274528129,0.0,0.0,0.00586114000361814,0.0,0.0,0.0,0.0,0.0,0.0,0.0,0.0,0.01093930158176537,0.01857419841617869,0.02073711708594256,0.030652182008830568,0.01893034631382574,0.02785206529787846,0.02752842432766764,0.02577492657502332,0.00908761554604168,0.010409971981496874,0.010409971981496874,0.005627311819535304,0.005627311819535304,0.0,0.0,0.0,0.0,0.0,0.0,0.0,0.0,0.005470897222981768,0.011063678041526413,0.008064160056467555,0.022473153380620475,0.02061766674794015,0.02752842432766764,0.027204783357456817,0.02108024787295315,0.019707993029672265,0.01575186534705357,0.00963419867146429,0.008064160056467555,0.011332037226599909,0.00586114000361814,0.0,0.0,0.0,0.0,0.0,0.0,0.0,0.0,0.006154448104409531,0.005627401234804333,0.014114329777321147,0.02197395262119938,0.02577492657502332,0.02108024787295315,0.012308896208819062,0.01351324843909206,0.00911037998533528,0.0,0.0,0.0,0.00586114000361814,0.0,0.0,0.0,0.0,0.0,0.0,0.0,0.005311989762230068,0.0,0.014715016780846012,0.016462877942616243,0.02334560356252692,0.00908761554604168,0.019707993029672265,0.01351324843909206,0.012211202701887712,0.0,0.0,0.01358953758718047,0.0,0.0,0.0,0.0,0.0,0.0,0.0,0.0,0.0,0.0,0.0,0.005627401234804333,0.0,0.005551716274528129,0.010409971981496874,0.01575186534705357,0.00911037998533528,0.0,0.011103432549056259,0.006568870115495089,0.0,0.005551716274528129,0.00586114000361814,0.0,0.0,0.0,0.0,0.0,0.0,0.0,0.0,0.0,0.0,0.0,0.0,0.010409971981496874,0.00963419867146429,0.0,0.0,0.006568870115495089,0.0,0.017118134907700904,0.00586114000361814,0.0,0.0,0.0,0.0,0.0,0.0,0.0,0.0,0.0,0.0,0.0,0.0,0.0,0.005627311819535304,0.008064160056467555,0.0,0.01358953758718047,0.0,0.017118134907700904,0.014967872472473226,0.010880407319693032,0.0,0.008100827059693451,0.0,0.0,0.0,0.0,0.0,0.0,0.0,0.0,0.0,0.0,0.00586114000361814,0.005627311819535304,0.011332037226599909,0.0,0.0,0.005551716274528129,0.00586114000361814,0.010880407319693032,0.0,0.0,0.008100827059693451,0.0,0.004206091847665177,0.0,0.0,0.0,0.0,0.0,0.0,0.0,0.0,0.0,0.0,0.00586114000361814,0.00586114000361814,0.0,0.00586114000361814,0.0,0.0,0.0,0.0,0.0,0.0,0.0,0.0,0.0,0.0,0.0,0.0,0.0,0.0,0.0,0.0,0.0,0.0,0.0,0.0,0.0,0.0,0.008100827059693451,0.008100827059693451,0.0,0.0,0.0,0.0,0.0,0.0,0.0,0.0,0.0,0.0,0.0,0.0,0.0,0.0,0.0,0.0,0.0,0.0,0.0,0.0,0.0,0.0,0.0,0.0,0.0,0.0,0.0,0.0,0.0,0.0,0.0,0.0,0.0,0.0,0.0,0.0,0.0,0.0,0.0,0.0,0.0,0.004206091847665177,0.0,0.0,0.0,0.0,0.0,0.0,0.0,0.0,0.0,0.0,0.0,0.0,0.0,0.0,0.0,0.0,0.0,0.0,0.0,0.0,0.0,0.0,0.0,0.0,0.0,0.0
0.025027473096908254,0.020977711462888383,0.01510753542585825,0.008002951601706474,0.0,0.0,0.0,0.0,0.0,0.0,0.0,0.0,0.0,0.0,0.0,0.0,0.0,0.0,0.0,0.0,0.0,0.020977711462888383,0.04523832519723535,0.03185815072901868,0.03273222045493342,0.020814622219202238,0.015051990493021031,0.005975963792752677,0.0,0.006079908353804727,0.0,0.0,0.0,0.0,0.0,0.0,0.0,0.0,0.0,0.0,0.0,0.0,0.01510753542585825,0.03185815072901868,0.04075983238109108,0.032288127793663274,0.030410725203987944,0.012055359660257718,0.005975963792752677,0.012164241345104368,0.006079908353804727,0.0,0.0,0.0,0.0,0.0,0.0,0.0,0.0,0.0,0.0,0.0,0.0,0.008002951601706474,0.03273222045493342,0.032288127793663274,0.04218496464964601,0.042908605235345426,0.034689505813200475,0.029798928232644385,0.024598230463576107,0.008982855805015238,0.0,0.0,0.0057944343417704325,0.0,0.0,0.0,0.0,0.0,0.0,0.0,0.0,0.0,0.0,0.020814622219202238,0.030410725203987944,0.042908605235345426,0.029486511152357783,0.03774073264106243,0.025970968301886672,0.02383122718942083,0.012055872146557404,0.005801005051220907,0.015522528364466163,0.0,0.0,0.0,0.0,0.0057943284106928596,0.0,0.0,0.0,0.0,0.0,0.0,0.015051990493021031,0.012055359660257718,0.034689505813200475,0.03774073264106243,0.03697970883349892,0.03905920105318584,0.026721678951457255,0.01853602379620757,0.017015649046091125,0.0057381327492865295,0.0057944343417704325,0.00610746652050371,0.0,0.0,0.0,0.0,0.0,0.0,0.0,0.0,0.0,0.005975963792752677,0.005975963792752677,0.029798928232644385,0.025970968301886672,0.03905920105318584,0.03270954841997911,0.029155796625981605,0.02372611138119413,0.005975963792752677,0.012720264811868307,0.0,0.005975963792752677,0.0058725270767792225,0.0,0.0,0.0,0.0,0.0,0.0,0.0,0.0,0.0,0.012164241345104368,0.024598230463576107,0.02383122718942083,0.026721678951457255,0.029155796625981605,0.037992003391985184,0.014702674370560482,0.016691768511349868,0.012591315453248809,0.016727497872392756,0.0,0.0,0.007191957928527528,0.0,0.0,0.0,0.0,0.0,0.0,0.0,0.006079908353804727,0.006079908353804727,0.008982855805015238,0.012055872146557404,0.01853602379620757,0.02372611138119413,0.014702674370560482,0.02668498475272669,0.03293157529073455,0.02133404594973614,0.021953677805079667,0.015195950146540252,0.0058725270767792225,0.007191957928527528,0.0,0.0,0.0,0.0,0.0,0.0,0.0,0.0,0.0,0.0,0.005801005051220907,0.017015649046091125,0.005975963792752677,0.016691768511349868,0.03293157529073455,0.02168950815443338,0.023339147453844016,0.024742102595078905,0.011908471571724618,0.0058725270767792225,0.005801005051220907,0.0,0.0,0.0,0.0,0.0,0.0,0.0,0.0,0.0,0.0,0.015522528364466163,0.0057381327492865295,0.012720264811868307,0.012591315453248809,0.02133404594973614,0.023339147453844016,0.0,0.02459698418048238,0.01285176753961934,0.0,0.0,0.008664774459645384,0.0,0.0,0.0,0.0,0.0,0.0,0.0,0.0,0.0057944343417704325,0.0,0.0057944343417704325,0.0,0.016727497872392756,0.021953677805079667,0.024742102595078905,0.02459698418048238,0.025679753651614463,0.009116041792735525,0.0057944343417704325,0.0057944343417704325,0.0057943284106928596,0.0,0.0,0.0,0.0,0.0,0.0,0.0,0.0,0.0,0.0,0.00610746652050371,0.005975963792752677,0.0,0.015195950146540252,0.011908471571724618,0.01285176753961934,0.009116041792735525,0.01221493304100742,0.011979993597282933,0.007191957928527528,0.00610746652050371,0.0,0.0,0.0,0.0,0.0,0.0,0.0,0.0,0.0,0.0,0.0,0.0058725270767792225,0.0,0.0058725270767792225,0.0058725270767792225,0.0,0.0057944343417704325,0.011979993597282933,0.011745054153558445,0.0,0.0058725270767792225,0.0,0.0,0.0,0.0,0.0,0.0,0.0,0.0,0.0,0.0,0.0,0.0,0.007191957928527528,0.007191957928527528,0.005801005051220907,0.0,0.0057944343417704325,0.007191957928527528,0.0,0.02633548715612819,0.0,0.007191957928527528,0.0,0.0,0.0,0.0,0.0,0.0,0.0,0.0,0.0057943284106928596,0.0,0.0,0.0,0.0,0.0,0.008664774459645384,0.0057943284106928596,0.00610746652050371,0.0058725270767792225,0.0,0.0,0.0,0.0057943284106928596,0.0057943284106928596,0.0,0.0057943284106928596,0.0,0.0,0.0,0.0,0.0,0.0,0.0,0.0,0.0,0.0,0.0,0.0,0.0,0.0,0.007191957928527528,0.0,0.0,0.0,0.0,0.0,0.0,0.0,0.0,0.0,0.0,0.0,0.0,0.0,0.0,0.0,0.0,0.0,0.0,0.0,0.0,0.0,0.0057943284106928596,0.0,0.0,0.0,0.0,0.0,0.0,0.0,0.0,0.0,0.0,0.0,0.0,0.0,0.0,0.0,0.0,0.0,0.0,0.0,0.0,0.0057943284106928596,0.0,0.0,0.0,0.0,0.0,0.0,0.0,0.0,0.0,0.0,0.0,0.0,0.0,0.0,0.0,0.0,0.0,0.0,0.0,0.0,0.0,0.0,0.0,0.0,0.0,0.0,0.0,0.0,0.0,0.0,0.0,0.0,0.0,0.0,0.0,0.0,0.0,0.0,0.0,0.0,0.0,0.0057943284106928596,0.0,0.0,0.0,0.0,0.0
0.03513182831968513,0.012344687058396336,0.022755866007510325,0.0,0.007604088297997574,0.0,0.0,0.0,0.0,0.0,0.0,0.0,0.0,0.0,0.0,0.0,0.0,0.0,0.0,0.0,0.0,0.012344687058396336,0.0494750405003396,0.03226290028379697,0.030144922693893742,0.014530120536974202,0.01859204665907436,0.01158110242567583,0.0068378263509102635,0.0,0.0,0.0,0.0,0.0,0.0,0.0,0.0,0.0,0.0,0.0,0.0,0.0,0.022755866007510325,0.03226290028379697,0.04417712450684006,0.03964129252006116,0.01895264689826633,0.0254832722175406,0.021713339868518065,0.0,0.0,0.0,0.0,0.0,0.0,0.0,0.0,0.0,0.0,0.0,0.0,0.0,0.0,0.0,0.030144922693893742,0.03964129252006116,0.045715818606097774,0.04696267160361926,0.025310136310731174,0.02788771922800755,0.01862284457886064,0.012490783642293498,0.00855748195204196,0.006414249857150362,0.0,0.0,0.0,0.0,0.0,0.0,0.0,0.0,0.0,0.0,0.007604088297997574,0.014530120536974202,0.01895264689826633,0.04696267160361926,0.04805235806166427,0.0290908135767352,0.04015487990835223,0.023213531102164463,0.0189131173509106,0.01394790095570917,0.006414249857150362,0.007604088297997574,0.0,0.0,0.0,0.0,0.0,0.0,0.0,0.0,0.0,0.0,0.01859204665907436,0.0254832722175406,0.025310136310731174,0.0290908135767352,0.034329625485482636,0.03860113845436454,0.029770240493677293,0.028618090362079036,0.01288515187019593,0.01288515187019593,0.006703682170840493,0.0,0.0,0.0,0.00638466570971973,0.0,0.0,0.0,0.0,0.0,0.0,0.01158110242567583,0.021713339868518065,0.02788771922800755,0.04015487990835223,0.03860113845436454,0.024132071712039977,0.026862981065690163,0.025663678218680687,0.025179412855848394,0.021607223810905032,0.013208083150126185,0.009135573985134406,0.0,0.0,0.0,0.0,0.0,0.0,0.0,0.0,0.0,0.0068378263509102635,0.0,0.01862284457886064,0.023213531102164463,0.029770240493677293,0.026862981065690163,0.020130725253637363,0.03015497776603828,0.026251396446084166,0.030720396806930693,0.00994025260083076,0.0068378263509102635,0.0,0.0,0.0,0.0,0.0,0.0,0.0,0.0,0.0,0.0,0.0,0.012490783642293498,0.0189131173509106,0.028618090362079036,0.025663678218680687,0.03015497776603828,0.0456666244193967,0.024302498706266173,0.017306977992760875,0.006703682170840493,0.02096239510396264,0.0,0.0,0.007780489460222265,0.0,0.0,0.0,0.0,0.0,0.0,0.0,0.0,0.00855748195204196,0.01394790095570917,0.01288515187019593,0.025179412855848394,0.026251396446084166,0.024302498706266173,0.03237206763853097,0.010969012256505425,0.023494803212244893,0.010969012256505425,0.016253003580577026,0.0,0.0,0.0,0.0,0.0,0.0,0.0,0.0,0.0,0.0,0.006414249857150362,0.006414249857150362,0.01288515187019593,0.021607223810905032,0.030720396806930693,0.017306977992760875,0.010969012256505425,0.012828499714300725,0.02888930766300835,0.0,0.006414249857150362,0.006414249857150362,0.0,0.0,0.0,0.0,0.0,0.0,0.0,0.0,0.0,0.0,0.007604088297997574,0.006703682170840493,0.013208083150126185,0.00994025260083076,0.006703682170840493,0.023494803212244893,0.02888930766300835,0.013407364341680985,0.006703682170840493,0.006703682170840493,0.006142518780408711,0.0,0.006703682170840493,0.0,0.0,0.006703682170840493,0.0,0.0,0.0,0.0,0.0,0.0,0.0,0.009135573985134406,0.0068378263509102635,0.02096239510396264,0.010969012256505425,0.0,0.006703682170840493,0.01827114797026881,0.0,0.0,0.009135573985134406,0.0,0.0,0.0,0.0,0.0045818924435389674,0.0,0.0,0.0,0.0,0.0,0.0,0.0,0.0,0.0,0.016253003580577026,0.006414249857150362,0.006703682170840493,0.0,0.017648632912537474,0.0,0.0,0.0,0.0,0.0,0.0,0.0,0.0,0.0,0.0,0.0,0.0,0.0,0.0,0.0,0.0,0.0,0.006414249857150362,0.006142518780408711,0.0,0.0,0.01820852221347434,0.012527184490128442,0.006142518780408711,0.0045818924435389674,0.0,0.0,0.0,0.0,0.0,0.0,0.0,0.0,0.00638466570971973,0.0,0.0,0.007780489460222265,0.0,0.0,0.0,0.009135573985134406,0.0,0.012527184490128442,0.0,0.00638466570971973,0.0,0.0,0.0,0.0,0.0,0.0,0.0,0.0,0.0,0.0,0.0,0.0,0.0,0.0,0.0,0.006703682170840493,0.0,0.0,0.006142518780408711,0.00638466570971973,0.0,0.0,0.0045818924435389674,0.0,0.0,0.0,0.0,0.0,0.0,0.0,0.0,0.0,0.0,0.0,0.0,0.0,0.0,0.0,0.0,0.0045818924435389674,0.0,0.0,0.0,0.0045818924435389674,0.0,0.0,0.0,0.0,0.0,0.0,0.0,0.0,0.0,0.0,0.0,0.0,0.0,0.0,0.0,0.0,0.0,0.0,0.0045818924435389674,0.0045818924435389674,0.0,0.0,0.0,0.0,0.0,0.0,0.0,0.0,0.0,0.0,0.0,0.0,0.0,0.0,0.006703682170840493,0.0,0.0,0.0,0.0,0.0,0.0,0.0,0.0,0.0,0.0,0.0,0.0,0.0,0.0,0.0,0.0,0.0,0.0,0.0,0.0,0.0,0.0045818924435389674,0.0,0.0,0.0,0.0,0.0,0.0,0.0,0.0
0.02558855664581417,0.015926716365941077,0.01048500434730926,0.01843079274943127,0.004973675856686114,0.0,0.0,0.0,0.0,0.0,0.0,0.0,0.0,0.0,0.0,0.0,0.0,0.0,0.0,0.0,0.0,0.015926716365941077,0.027879644271838127,0.03157604781813789,0.014902834090355322,0.012375486267588293,0.011035726128220498,0.007401810410902179,0.0,0.004996947295962954,0.0,0.0,0.0,0.0,0.0,0.0,0.0,0.0,0.0,0.0,0.0,0.0,0.01048500434730926,0.03157604781813789,0.026027254026595004,0.029427454833816404,0.020987804949635473,0.02166512303665833,0.013661773391459884,0.009359057992176217,0.009878623863420484,0.0,0.0,0.004648861168163193,0.0,0.0,0.0,0.0,0.0,0.0,0.0,0.0,0.0,0.01843079274943127,0.014902834090355322,0.029427454833816404,0.030726209603629186,0.028864966632586742,0.022527074342075987,0.018319237138575487,0.009796854544566747,0.005086657720553724,0.0073934794086952995,0.0,0.0,0.005086657720553724,0.0,0.0,0.0,0.0,0.0,0.0,0.0,0.0,0.004973675856686114,0.012375486267588293,0.020987804949635473,0.028864966632586742,0.03441475784824015,0.03066844595185078,0.0270202218509387,0.022412047981034675,0.016343128068602556,0.012367155265381412,0.012302209445866153,0.0,0.0,0.0,0.0,0.0,0.0,0.0,0.0,0.0,0.0,0.0,0.011035726128220498,0.02166512303665833,0.022527074342075987,0.03066844595185078,0.033833800264188085,0.023446673942254175,0.016094463693527364,0.022753719081430784,0.014525077954351782,0.0,0.014707813083051292,0.013852902089727608,0.006103561722333192,0.0,0.0,0.0,0.0,0.0,0.0,0.0,0.0,0.007401810410902179,0.013661773391459884,0.018319237138575487,0.0270202218509387,0.023446673942254175,0.037847191124154626,0.031234856091259148,0.024660528912296503,0.020010515366179815,0.018358565803844568,0.010610987929485819,0.004893209209539709,0.004893209209539709,0.004893209209539709,0.0,0.0,0.0,0.0,0.0,0.0,0.0,0.0,0.009359057992176217,0.009796854544566747,0.022412047981034675,0.016094463693527364,0.031234856091259148,0.033075216070645064,0.028401344457421072,0.0179523015589457,0.0198055688509439,0.017875027679134715,0.006182908213218807,0.004710196824013023,0.0,0.0,0.004710196824013023,0.0,0.0,0.0,0.0,0.0,0.004996947295962954,0.009878623863420484,0.005086657720553724,0.016343128068602556,0.022753719081430784,0.024660528912296503,0.028401344457421072,0.022738904423832883,0.024968148177249364,0.02220795046206516,0.005050894828412877,0.009654776881928666,0.0076821684398402455,0.0,0.0,0.0,0.0,0.0,0.0,0.0,0.0,0.0,0.0,0.0073934794086952995,0.012367155265381412,0.014525077954351782,0.020010515366179815,0.0179523015589457,0.024968148177249364,0.018641062976499104,0.021852355418664284,0.017557596666529285,0.018489183248331216,0.009067222484847794,0.006278649770858902,0.005306428416729946,0.0,0.0,0.0,0.0,0.0,0.0,0.0,0.0,0.0,0.012302209445866153,0.0,0.018358565803844568,0.0198055688509439,0.02220795046206516,0.021852355418664284,0.025106347160272994,0.012770251356728846,0.018936933158987833,0.006103561722333192,0.009345653580547876,0.007401810410902179,0.005488970891510795,0.0,0.0,0.0077427278090418696,0.0,0.0,0.0,0.004648861168163193,0.0,0.0,0.014707813083051292,0.010610987929485819,0.017875027679134715,0.005050894828412877,0.017557596666529285,0.012770251356728846,0.0,0.013705242419661113,0.02030641559131505,0.013800983977301208,0.005306428416729946,0.010539865719923672,0.0077427278090418696,0.0,0.0,0.0,0.0,0.0,0.0,0.005086657720553724,0.0,0.013852902089727608,0.004893209209539709,0.006182908213218807,0.009654776881928666,0.018489183248331216,0.018936933158987833,0.013705242419661113,0.012365816426437614,0.012286469935551998,0.006182908213218807,0.014095397561884743,0.0,0.0,0.006182908213218807,0.006182908213218807,0.0,0.0,0.0,0.0,0.0,0.0,0.006103561722333192,0.004893209209539709,0.004710196824013023,0.0076821684398402455,0.009067222484847794,0.006103561722333192,0.02030641559131505,0.012286469935551998,0.012207123444666384,0.006278649770858902,0.0,0.006103561722333192,0.0,0.00402009439524547,0.0077427278090418696,0.0,0.0,0.0,0.0,0.0,0.0,0.0,0.004893209209539709,0.0,0.0,0.006278649770858902,0.009345653580547876,0.013800983977301208,0.006182908213218807,0.006278649770858902,0.0,0.014515272745621212,0.0,0.0,0.0,0.0,0.0,0.0,0.0,0.0,0.0,0.0,0.0,0.0,0.0,0.0,0.005306428416729946,0.007401810410902179,0.005306428416729946,0.014095397561884743,0.0,0.014515272745621212,0.0,0.0,0.0077427278090418696,0.0,0.005306428416729946,0.0,0.0,0.0,0.0,0.0,0.0,0.0,0.0,0.004710196824013023,0.0,0.0,0.005488970891510795,0.010539865719923672,0.0,0.006103561722333192,0.0,0.0,0.01097794178302159,0.005488970891510795,0.0,0.0,0.0,0.0,0.0,0.0,0.0,0.0,0.0,0.0,0.0,0.0,0.0,0.0,0.0077427278090418696,0.0,0.0,0.0,0.0077427278090418696,0.005488970891510795,0.0,0.0,0.0,0.0,0.0,0.0,0.0,0.0,0.0,0.0,0.0,0.0,0.0,0.0,0.0,0.0,0.006182908213218807,0.00402009439524547,0.0,0.0,0.0,0.0,0.0,0.0,0.0,0.0,0.0,0.0,0.0,0.0,0.0,0.0,0.0,0.0,0.0,0.0077427278090418696,0.0,0.006182908213218807,0.0077427278090418696,0.0,0.005306428416729946,0.0,0.0,0.0,0.0,0.0,0.0,0.0,0.0,0.0,0.0,0.0,0.0,0.0,0.0,0.0,0.0,0.0,0.0,0.0,0.0,0.0,0.0,0.0,0.0,0.0,0.0
