0.0,0.0068779169737165306,0.0015966592974699014,0.0006316454363617333,0.0012369723128750395,0.0006550397117825197,0.0,0.00031674617642115993,0.0,0.0006004530691339858,0.00310734463276836,0.0028248587570621456,0.0,0.0028248587570621417,0.0,0.0,0.002824858757062146,0.0,0.0,0.0,0.0028248587570621373,0.0034389584868582653,0.0,0.0028248587570621,0.0,0.0,0.0,0.0,0.0,0.0,0.0,0.0,0.0,0.0,0.0,0.0,0.0,0.0,0.0,0.0,0.0,0.0,0.0,0.0,0.0,0.0,0.0,0.0,0.0,0.0,0.0,0.0068779169737165306,0.0,1.8648277366750676e-17,0.0032284100080710214,0.0030266343825665855,0.0018832391713747253,0.0,0.0,0.003766478342749522,0.0,0.002824858757062125,0.0,0.0,0.0,0.0,0.0,0.0,0.0,0.0,0.0,0.0,0.0,0.0,0.0,0.0,0.0,0.0,0.0033898305084745606,0.0,0.0,0.0,0.0,0.0,0.0,0.0,0.0,0.0,0.0,0.0,0.0,0.0,0.0,0.0,0.0,0.0,0.0,0.0,0.0,0.0,0.0,0.0,0.0015966592974699014,1.8648277366750676e-17,0.0,0.002017756255044389,0.003228410008071027,0.0,0.005649717514124288,0.002824858757062144,0.002824858757062144,0.0,0.0,0.0,0.005649717514124288,0.002824858757062144,0.00282485875706214,0.0,0.0,0.0,0.0,0.0,0.005649717514124275,0.0,0.0,0.0,0.0,0.003295668549905833,0.0,0.0,0.0,0.0,0.0,0.0,0.0,0.0,0.0,0.0,0.0,0.0,0.0,0.0,0.0,0.0,0.0,0.0,0.0,0.0,0.0,0.0,0.0,0.0,0.0,0.0006316454363617333,0.0032284100080710214,0.002017756255044389,0.0,0.00020177562550443597,0.0,0.0032284100080710214,0.0,0.0,8.967805577974903e-05,0.0,0.0032284100080710214,0.00020177562550443597,0.0,0.0,0.0,0.0,0.0,0.0,0.0,0.0,0.0,0.0,0.0,0.0,0.0,0.0,0.0,0.0,0.000403551251008888,0.0,0.0,0.0,0.0,0.0,0.0,0.0,0.0,0.0,0.0,0.0028248587570621,0.0,0.0,0.0,0.0,0.0,0.0,0.0,0.0,0.0,0.0,0.0012369723128750395,0.0030266343825665855,0.003228410008071027,0.00020177562550443597,0.0,0.004506322302932465,0.0035647027172450814,0.006244424620874211,0.0,0.0030266343825665855,0.0,0.0026230831315577057,0.0,0.0,0.0030266343825665855,0.0,0.002824858757062146,0.0,0.0,0.0,0.0,0.0,0.0,0.0,0.0,0.0,0.0,0.0,0.0,0.0,0.0,0.0,0.0,0.0,0.0,0.0,0.0,0.0,0.0,0.0,0.0,0.0,0.0,0.0,0.0,0.0,0.0,0.0,0.0,0.0,0.0,0.0006550397117825197,0.0018832391713747253,0.0,0.0,0.004506322302932465,0.0,0.0004708097928436917,0.0024779462781246856,0.0,0.0031387319522912724,0.00310734463276836,0.003766478342749525,0.00753295668549905,0.003766478342749525,0.00282485875706214,0.0,0.0,0.0,0.0,0.0,0.0028248587570621373,0.0,0.0,0.0,0.003295668549905833,0.0,0.0,0.0,0.0,0.0,0.0,0.0,0.0,0.0,0.0,0.0,0.0,0.0,0.0,0.0,0.0,0.0,0.0,0.0,0.0,0.0,0.0,0.0,0.0,0.0,0.0,0.0,0.0,0.005649717514124288,0.0032284100080710214,0.0035647027172450814,0.0004708097928436917,0.0,0.012488849241748421,0.0,0.0032956685499058334,0.0032956685499058334,0.0032956685499058334,0.00026903416733924795,0.006591337099811667,0.003766478342749527,0.006591337099811667,0.0,0.0028248587570621443,0.0032956685499058334,0.0032956685499058334,0.0,0.0004708097928436891,0.0,0.0,0.0,0.0,0.0,0.0,0.0,0.0,0.0,0.0,0.0,0.0,0.0,0.0,0.0,0.0,0.0,0.0,0.0,0.0,0.0,0.0,0.0,0.0,0.0,0.0,0.0,0.0,0.0,0.00031674617642115993,0.0,0.002824858757062144,0.0,0.006244424620874211,0.0024779462781246856,0.012488849241748421,0.0,0.0006442660323124167,0.006227904979020043,0.0,0.006244424620874211,0.0,0.0028248587570621417,0.00282485875706214,0.0031222123104371054,0.0,0.0028248587570621443,0.0,0.0,0.0,0.0031222123104371054,0.0,0.0031222123104371054,0.0,0.0,0.0028248587570621,0.0,0.0,0.0,0.0,0.0,0.0,0.0,0.0,0.0,0.0,0.0,0.0,0.0,0.0,0.0,0.0,0.0,0.0,0.0,0.0,0.0,0.0,0.0,0.0,0.0,0.003766478342749522,0.002824858757062144,0.0,0.0,0.0,0.0,0.0006442660323124167,0.0,0.008788449466415568,0.0,0.0009416195856873765,0.0007398439601829366,0.0,0.003766478342749522,0.00282485875706214,0.002824858757062146,0.0,0.0009416195856873969,0.0,0.0028248587570621373,0.0,0.003766478342749522,0.0,0.003295668549905833,0.0,0.0,0.0,0.0,0.0,0.0028248587570621334,0.0,0.0,0.0,0.0,0.0,0.0,0.0,0.0,0.0,0.0,0.0,0.0,0.0,0.0,0.0,0.0,0.0,0.0,0.0,0.0,0.0006004530691339858,0.0,0.0,8.967805577974903e-05,0.0030266343825665855,0.0031387319522912724,0.0032956685499058334,0.006227904979020043,0.008788449466415568,0.0,0.0031701192718141848,0.0028248587570621456,0.0030266343825665855,0.0003138731952291307,0.0,0.0031387319522912724,0.0006277463904582527,0.0,0.0031387319522912724,0.0031387319522912724,0.0,0.0028248587570621443,0.0,0.0,0.0,0.0,0.0,0.0,0.0,0.0,0.0,0.0,0.0,0.0,0.0,0.0,0.0,0.0,0.0,0.0,0.0,0.0,0.0,0.0,0.0,0.0,0.0,0.0,0.0,0.0,0.0,0.00310734463276836,0.002824858757062125,0.0,0.0,0.0,0.00310734463276836,0.0032956685499058334,0.0,0.0,0.0031701192718141848,0.0,0.0,0.00310734463276836,0.00310734463276836,0.00310734463276836,0.00564971751412428,0.0,0.00310734463276836,0.0,0.0,0.0,0.00310734463276836,0.0,0.0,0.0,0.0,0.0,0.0,0.0,0.0,0.0,0.0,0.0,0.0,0.00310734463276836,0.0,0.0,0.0,0.0,0.0,0.0,0.0,0.0,0.0,0.0,0.0,0.0,0.0,0.0,0.0,0.0,0.0028248587570621456,0.0,0.0,0.0032284100080710214,0.0026230831315577057,0.003766478342749525,0.0032956685499058334,0.006244424620874211,0.0009416195856873765,0.0028248587570621456,0.0,0.0,0.0,0.0028248587570621456,5.637851296924623e-18,5.637851296924623e-18,0.0,0.0028248587570621443,0.0,0.0,0.0,0.005649717514124291,1.214306433183765e-17,0.0,0.0,0.0,0.0,0.0,0.002824858757062125,0.0,0.0,0.0,0.0,0.0,0.0,0.0,0.0,0.0,0.0,0.0,0.0,0.0,0.0,0.0,0.0,0.0,0.0,0.0,0.0,0.0,0.0,0.0,0.0,0.005649717514124288,0.00020177562550443597,0.0,0.00753295668549905,0.00026903416733924795,0.0,0.0007398439601829366,0.0030266343825665855,0.00310734463276836,0.0,0.0,0.0028248587570621417,0.0030266343825665855,0.003228410008071031,0.00020177562550443943,0.0028248587570621443,0.0,0.003531073446327675,0.0030266343825665855,0.0028248587570621443,0.0,0.006053268765133171,0.0,0.0030266343825665855,0.0,0.0,0.0,0.0,0.0,0.0,0.0,0.0,0.0,0.0,0.0,0.0,0.0,0.0,0.0,0.0,0.0,0.0030266343825665855,0.0,0.0,0.0,0.0,0.0,0.0,0.0,0.0028248587570621417,0.0,0.002824858757062144,0.0,0.0,0.003766478342749525,0.006591337099811667,0.0028248587570621417,0.0,0.0003138731952291307,0.00310734463276836,0.0028248587570621456,0.0028248587570621417,0.0,0.0028248587570621417,0.0028248587570621417,0.0028248587570621373,0.0028248587570621443,0.002824858757062125,0.0,0.0,0.0,0.0028248587570621417,0.0,0.0,0.0028248587570621417,0.0,0.0,0.0,0.0028248587570621334,0.0,0.0,0.0,0.003531073446327675,0.0,0.0,0.0,0.0028248587570621417,0.0,0.0,0.0,0.0,0.0,0.0,0.0,0.0,0.0,0.0,0.0,0.0,0.0,0.0,0.0,0.00282485875706214,0.0,0.0030266343825665855,0.00282485875706214,0.003766478342749527,0.00282485875706214,0.003766478342749522,0.0,0.00310734463276836,5.637851296924623e-18,0.0030266343825665855,0.0028248587570621417,0.0,0.0,0.005649717514124292,0.0,0.00564971751412428,0.003531073446327675,0.0,0.0,0.00282485875706214,0.0,0.003295668549905833,0.0,0.0,0.0,0.0,0.00564971751412428,0.0,0.0,0.0,0.0,0.0,0.0,0.0,0.0,0.0028248587570621,0.0,0.0,0.0,0.0,0.0,0.0,0.0,0.0,0.0,0.0,0.0,0.0,0.0,0.0,0.0,0.0,0.0,0.0,0.006591337099811667,0.0031222123104371054,0.00282485875706214,0.0031387319522912724,0.00564971751412428,5.637851296924623e-18,0.003228410008071031,0.0028248587570621417,0.0,0.0,0.0,0.00282485875706214,0.0,0.000706214689265535,0.00564971751412428,0.0,0.0,0.0,0.0,0.0,0.00282485875706214,0.0033898305084745606,0.0,0.0,0.0,0.0,0.0,0.003531073446327675,0.0,0.0,0.0,0.0,0.0,0.0,0.0,0.0,0.0,0.0,0.0,0.0,0.0,0.0,0.0,0.0,0.0,0.002824858757062146,0.0,0.0,0.0,0.002824858757062146,0.0,0.0,0.0,0.002824858757062146,0.0006277463904582527,0.0,0.0,0.00020177562550443943,0.0028248587570621373,0.005649717514124292,0.0,0.0,0.002824858757062146,0.002824858757062167,0.002824858757062146,0.0028248587570621373,0.0028248587570621443,0.0,0.0,0.0,0.003295668549905833,0.0028248587570621,0.0,0.0,0.0,0.0,0.0042372881355932,0.0028248587570621,0.0,0.0,0.0,0.0042372881355932,0.0028248587570621,0.0,0.0,0.0,0.0,0.0,0.0,0.0,0.0,0.0,0.0,0.0,0.0,0.0,0.0,0.0,0.0,0.0,0.0,0.0,0.0028248587570621443,0.0028248587570621443,0.0,0.0,0.00310734463276836,0.0028248587570621443,0.0028248587570621443,0.0028248587570621443,0.0,0.00282485875706214,0.002824858757062146,0.0,0.0056497175141242886,0.004237288135593206,0.0,0.0028248587570621443,0.0,0.0,0.0,0.0,0.0,0.0,0.0,0.0,0.0,0.0,0.0,0.0,0.0,0.0,0.0,0.0,0.0,0.0,0.0,0.0,0.0,0.0,0.0,0.0,0.0,0.0,0.0,0.0,0.0,0.0,0.0,0.0,0.0,0.0,0.0,0.0032956685499058334,0.0,0.0009416195856873969,0.0031387319522912724,0.0,0.0,0.0,0.002824858757062125,0.00564971751412428,0.0,0.002824858757062167,0.0056497175141242886,0.0,0.0,0.0,0.0,0.0,0.0028248587570621,0.0,0.0,0.0,0.0,0.0,0.0,0.0,0.0,0.0,0.0,0.0,0.0028248587570621,0.0,0.0,0.0,0.0,0.0,0.0,0.0,0.0,0.0,0.0,0.0,0.0,0.0,0.0028248587570621,0.0,0.0,0.0,0.0,0.0,0.0,0.0,0.0032956685499058334,0.0,0.0,0.0031387319522912724,0.0,0.0,0.003531073446327675,0.0,0.003531073446327675,0.000706214689265535,0.002824858757062146,0.004237288135593206,0.0,0.0,0.0,0.0,0.003531073446327675,0.0,0.0,0.003295668549905833,0.003531073446327675,0.0,0.0,0.0028248587570621334,0.0,0.0,0.0,0.0,0.0,0.0,0.0,0.0,0.0,0.0028248587570621334,0.0,0.0,0.0,0.0,0.0,0.0,0.0,0.0,0.0,0.0,0.0,0.0028248587570621373,0.0,0.005649717514124275,0.0,0.0,0.0028248587570621373,0.0,0.0,0.0028248587570621373,0.0,0.0,0.0,0.0030266343825665855,0.0,0.0,0.00564971751412428,0.0028248587570621373,0.0,0.0,0.0,0.0,6.938893903907228e-18,0.0028248587570621373,0.0,0.0,0.0,0.0,0.0,0.002824858757062125,0.0,0.0028248587570621334,0.0,0.0,0.0,0.0,0.0,0.0,0.0,0.0,0.0,0.0,0.0,0.0,0.0,0.0,0.0,0.0,0.0,0.0,0.0,0.0,0.0034389584868582653,0.0,0.0,0.0,0.0,0.0,0.0004708097928436891,0.0031222123104371054,0.0,0.0028248587570621443,0.00310734463276836,0.005649717514124291,0.0028248587570621443,0.0,0.0,0.0,0.0028248587570621443,0.0028248587570621443,0.0,0.0,6.938893903907228e-18,0.0,1.0842021724855044e-17,0.0028248587570621443,0.0,0.0,0.0,0.0033898305084745606,0.002824858757062125,0.0,0.0,0.0,0.0,0.0,0.0,0.0028248587570621443,0.0,0.0,0.0,0.0,0.0,0.0,0.0,0.0,0.0,0.0,0.0,0.0,0.0,0.0,0.0,0.0,0.0,0.0,0.0,0.0,0.0,0.0,0.0,0.003766478342749522,0.0,0.0,1.214306433183765e-17,0.0,0.0028248587570621417,0.00282485875706214,0.0,0.0,0.0,0.0,0.003531073446327675,0.0028248587570621373,1.0842021724855044e-17,0.0,0.0,0.0,0.0,0.0028248587570621334,0.0,0.0,0.0,0.0,0.0,0.0,0.0,0.0,0.0,0.0,0.0,0.0,0.0,0.0,0.0,0.0,0.0,0.0,0.0,0.0,0.0,0.0,0.0,0.0,0.0028248587570621,0.0,0.0,0.0,0.0,0.0,0.0,0.0031222123104371054,0.0,0.0,0.0,0.0,0.006053268765133171,0.0,0.0,0.0,0.0,0.0,0.0028248587570621,0.0,0.0,0.0028248587570621443,0.0,0.0,0.003295668549905833,0.0,0.0,0.0,0.0,0.0028248587570621334,0.0,0.0,0.0,0.0,0.0,0.0,0.0,0.0,0.0,0.0,0.0,0.0,0.0,0.0,0.0,0.0,0.0,0.0,0.0,0.0,0.0,0.0,0.0,0.0,0.0,0.0,0.003295668549905833,0.0,0.0,0.003295668549905833,0.0,0.0,0.0,0.0,0.0,0.003295668549905833,0.0,0.0,0.0,0.0,0.0,0.0,0.0,0.0,0.003295668549905833,0.0,0.0,0.0,0.0033898305084745606,0.003295668549905833,0.00047080979284369953,0.0,0.0,0.0,0.003531073446327675,0.0,0.0,0.0,0.0,0.0,0.0,0.0,0.0,0.0,0.0,0.0,0.0,0.0,0.0,0.0,0.0,0.0,0.0,0.0,0.003295668549905833,0.0,0.0,0.0,0.0,0.0,0.0,0.0,0.0,0.0,0.0030266343825665855,0.0028248587570621417,0.0,0.0,0.003295668549905833,0.0,0.0,0.003295668549905833,0.0,0.0,0.0,0.0,0.0,0.0,0.0,0.003295668549905833,0.0,0.0,0.0028248587570621334,0.0,0.0,0.0,0.0,0.0,0.0,0.0,0.0,0.003295668549905833,0.0,0.0,0.0,0.0,0.0,0.003295668549905833,0.0,0.0,0.0,0.0,0.0,0.0,0.0,0.0,0.0,0.0,0.0,0.0,0.0028248587570621,0.0,0.0,0.0,0.0,0.0,0.0,0.0,0.00282485875706214,0.0028248587570621,0.0,0.0,0.003531073446327675,0.0,0.0,0.0028248587570621334,0.0,0.0,0.0,0.0,0.0,0.0,0.0,0.0,0.0042372881355932,0.0,0.0,0.0,0.0,0.0,0.0,0.0,0.0,0.0,0.0,0.0,0.0,0.0,0.0,0.0,0.0,0.0,0.0,0.0,0.0,0.0033898305084745606,0.0,0.0,0.0,0.0,0.0,0.0,0.0,0.0,0.0,0.0,0.0,0.0,0.0,0.0033898305084745606,0.0,0.0,0.0,0.0,0.0,0.0033898305084745606,0.0,0.0,0.0033898305084745606,0.003295668549905833,0.0,0.0,0.0033898305084745606,0.0,0.0,0.0,0.0,0.0,0.0,0.0,0.0,0.0,0.0,0.0,0.0,0.0,0.0,0.0,0.0,0.0,0.0,0.0,0.0,0.0,0.0,0.0,0.0,0.0,0.0,0.0,0.0,0.0,0.0,0.0,0.0,0.0,0.002824858757062125,0.0,0.0,0.0,0.0,0.0,0.0,0.0,0.0,0.002824858757062125,0.002824858757062125,0.0,0.0,0.003295668549905833,0.0,0.0,0.0033898305084745606,0.0,0.0,0.0,0.0,0.0,0.0,0.002824858757062125,0.0,0.0,0.0,0.0,0.0,0.0,0.0,0.0,0.0028248587570621,0.0,0.0,0.0,0.0,0.0,0.0,0.0,0.0,0.0,0.0,0.000403551251008888,0.0,0.0,0.0,0.0,0.0,0.0,0.0,0.0,0.0,0.0028248587570621334,0.00564971751412428,0.0,0.0,0.0,0.0,0.0028248587570621334,0.0,0.0,0.0,0.0028248587570621334,0.00047080979284369953,0.0,0.0,0.0,0.0,0.0,0.0,0.0,0.0,0.0,0.0,0.0,0.0042372881355932,0.0,0.0,0.0028248587570621334,0.0,0.0028248587570621334,0.0,0.0,0.0,0.0,0.0,0.0,0.0,0.0,0.0,0.0,0.0,0.0,0.0,0.0,0.0,0.0,0.0,0.0028248587570621334,0.0,0.0,0.0,0.0,0.0,0.0,0.0,0.0,0.0,0.0,0.0,0.0028248587570621334,0.0,0.0,0.0,0.0,0.0028248587570621334,0.0,0.0,0.0,0.0,0.0,0.0,0.0,0.0,0.0,0.0,0.0,0.0,0.0,0.0,0.0,0.0,0.0,0.0,0.0,0.0,0.0,0.0,0.0,0.0,0.0,0.0,0.0,0.0,0.0,0.0,0.0,0.0,0.0,0.0,0.0,0.0,0.0,0.0,0.0,0.0,0.0,0.0042372881355932,0.0,0.0,0.0,0.0,0.0,0.0,0.0,0.0,0.0,0.0042372881355932,0.0,0.0,0.0,0.0,0.0,0.0,0.0,0.0,0.0,0.0,0.0,0.0,0.0,0.0,0.0,0.0,0.0,0.0,0.0,0.0,0.0,0.0,0.0,0.0,0.0,0.0,0.0,0.0,0.0,0.0,0.0,0.0,0.0,0.0,0.0,0.0,0.0,0.0,0.0,0.0,0.0028248587570621,0.0,0.0,0.0,0.0,0.0,0.0,0.0,0.0,0.0,0.0,0.0,0.0,0.0,0.0,0.0,0.0,0.0,0.0,0.0,0.0,0.0,0.0,0.0,0.0,0.0,0.0,0.0,0.0,0.0,0.0,0.0,0.0,0.0,0.0,0.0,0.0,0.0,0.0,0.0,0.0,0.0,0.0,0.0,0.0,0.0,0.0,0.0,0.003531073446327675,0.0,0.003531073446327675,0.0,0.0,0.0,0.0,0.0,0.0,0.0,0.0,0.003531073446327675,0.0,0.0,0.0,0.0,0.0,0.0,0.0,0.0,0.0,0.0,0.0,0.0,0.0,0.0,0.0,0.0,0.0,0.0,0.0,0.0,0.0,0.003531073446327675,0.0,0.0,0.0,0.0,0.0,0.0,0.0,0.0,0.0,0.0,0.0,0.0,0.0,0.0,0.00310734463276836,0.0,0.0,0.0,0.0,0.0,0.0,0.0,0.0,0.0,0.0,0.0,0.0,0.0,0.0,0.0,0.0,0.0,0.002824858757062125,0.0,0.0,0.0,0.0,0.0,0.0,0.0,0.0,0.0,0.0,0.0,0.0,0.0,0.0,0.0,0.0,0.0,0.0,0.0,0.0,0.0,0.0,0.0,0.0,0.0,0.0,0.0,0.0,0.0,0.0,0.0,0.0,0.0,0.0,0.0,0.0,0.0,0.0,0.0,0.0,0.0028248587570621,0.0,0.0,0.0028248587570621443,0.0,0.0,0.0,0.0,0.0,0.0,0.0,0.0,0.0,0.0,0.0,0.0,0.0,0.0,0.0,0.0,0.0,0.0,0.0,0.0,0.0,0.0,0.0,0.0,0.0,0.0,0.0,0.0,0.0,0.0,0.0,0.0,0.0,0.0,0.0,0.0,0.0,0.0,0.0,0.0,0.0,0.0,0.0,0.0,0.0,0.0042372881355932,0.0,0.0,0.0,0.0,0.0,0.0,0.0,0.0,0.0,0.0,0.0,0.0,0.0042372881355932,0.0,0.0,0.0,0.0,0.0,0.0,0.0,0.0,0.0,0.0,0.0,0.0,0.0,0.0,0.0,0.0,0.0,0.0,0.0,0.0,0.0,0.0,0.0,0.0,0.0,0.0,0.0,0.0,0.0,0.0,0.0,0.0,0.0,0.0,0.0028248587570621417,0.0,0.0,0.0028248587570621,0.0,0.0,0.0,0.0,0.0,0.0,0.0,0.0,0.0,0.0,0.0,0.0,0.0,0.0,0.0,0.0,0.0,0.0,0.0,0.0,0.0,0.0,0.0,0.0,0.0,0.0,0.0,0.0,0.0,0.0,0.0,0.0,0.0,0.0,0.0,0.0,0.0,0.0,0.0,0.0,0.0,0.0,0.0,0.0,0.0,0.0,0.0,0.0,0.0028248587570621,0.0,0.0,0.0,0.0,0.0,0.0,0.0,0.0,0.0,0.0,0.0,0.0,0.0,0.0,0.0,0.0,0.0,0.0,0.0,0.0,0.0,0.0,0.0,0.0,0.0,0.0,0.0,0.0,0.0028248587570621,0.0,0.0,0.0,0.0,0.0,0.0,0.0,0.0,0.0,0.0,0.0,0.0,0.0,0.0,0.0,0.0,0.0,0.0,0.0,0.0,0.0,0.0,0.0,0.0,0.0,0.0,0.0028248587570621334,0.0,0.0,0.0,0.0,0.0,0.003295668549905833,0.0,0.0,0.0,0.0028248587570621334,0.0,0.0,0.0,0.0,0.0,0.0,0.0,0.0,0.0,0.0,0.0,0.0,0.0,0.0,0.0,0.0,0.0,0.0,0.0,0.0,0.0,0.0,0.0,0.0,0.0028248587570621,0.0,0.0,0.0,0.0,0.0,0.0,0.0,0.0,0.0,0.0,0.0,0.0,0.0,0.0,0.0,0.0,0.0,0.0,0.0,0.0,0.0,0.0,0.0,0.0,0.0,0.0,0.0,0.0,0.0,0.0,0.0,0.0,0.0,0.0,0.0,0.0,0.0,0.0,0.0,0.0,0.0,0.0,0.0,0.0,0.0,0.0,0.0,0.0,0.0,0.0,0.0,0.0,0.0,0.0,0.0,0.0,0.0,0.0,0.0,0.0,0.0,0.0,0.0,0.0,0.0,0.0,0.0,0.0,0.0,0.0,0.0,0.0,0.0,0.0,0.0,0.0,0.0028248587570621334,0.0,0.0,0.0,0.0,0.0,0.0,0.0,0.0,0.0,0.0,0.0,0.0,0.0,0.0,0.0,0.0,0.0,0.0,0.0,0.0,0.0,0.0,0.0,0.0,0.0,0.0,0.0,0.0,0.0,0.0,0.0,0.0,0.0,0.0,0.0,0.0,0.0,0.0,0.0,0.0,0.0,0.0,0.0,0.0,0.0,0.0,0.0,0.0,0.0,0.0,0.0,0.0,0.0,0.0,0.0,0.0,0.0,0.0,0.0,0.0,0.0,0.0,0.0,0.0,0.0,0.0,0.0,0.0,0.0,0.0,0.0,0.0,0.0,0.0,0.0,0.0,0.0,0.0,0.0,0.0,0.0,0.0,0.0,0.0,0.0030266343825665855,0.0,0.0,0.0,0.0,0.0,0.0,0.0,0.0,0.0,0.0,0.0,0.0,0.0,0.0,0.0,0.0028248587570621,0.0,0.0,0.0,0.0,0.0,0.0,0.0,0.0,0.0,0.0028248587570621,0.0,0.0,0.0,0.0,0.0,0.0,0.0,0.0,0.0,0.0,0.0,0.0,0.0,0.0,0.0,0.0,0.0,0.0,0.0,0.0,0.0,0.0,0.0,0.0,0.0,0.0,0.0,0.0,0.0,0.0,0.0,0.0,0.0,0.0,0.0,0.0,0.0,0.0,0.0,0.0,0.0,0.0,0.0,0.0,0.0,0.0,0.0,0.0,0.0,0.0,0.0,0.0,0.0,0.0,0.0,0.0,0.0,0.0,0.0,0.0,0.0,0.0,0.0,0.0,0.0,0.0,0.0,0.0,0.0,0.0,0.0,0.0,0.0,0.0,0.0,0.0,0.0,0.0,0.0,0.0,0.0,0.0,0.0,0.0,0.0,0.0,0.0,0.0,0.003295668549905833,0.0,0.0,0.0,0.0,0.0,0.0,0.0,0.0,0.0,0.0,0.0,0.0,0.0,0.0,0.0,0.0,0.0,0.0,0.0,0.0,0.0,0.0,0.0,0.0,0.0,0.0,0.0,0.0,0.0,0.0,0.0,0.0,0.0,0.0,0.0,0.0,0.0,0.0,0.0,0.0,0.0,0.0,0.0,0.0,0.0,0.0,0.0,0.0,0.0,0.0,0.0,0.0,0.0,0.0,0.0,0.0,0.0,0.0,0.003531073446327675,0.0,0.0,0.0,0.0,0.0,0.0,0.0,0.0,0.0,0.0,0.0,0.0,0.0,0.0,0.0,0.0,0.0,0.0,0.0,0.0,0.0,0.0,0.0,0.0,0.0,0.0,0.0,0.0,0.0,0.0,0.0,0.0,0.0,0.0,0.0,0.0,0.0,0.0,0.0,0.0,0.0,0.0,0.0,0.0,0.0,0.0,0.0,0.0,0.0,0.0,0.0,0.0,0.0,0.0,0.0,0.0,0.0,0.0,0.0,0.0,0.0,0.0,0.0,0.0,0.0,0.0,0.0,0.0,0.0,0.0,0.0,0.0,0.0,0.0,0.0,0.0,0.0,0.0,0.0,0.0,0.0,0.0,0.0,0.0,0.0,0.0,0.0,0.0,0.0,0.0,0.0,0.0,0.0,0.0,0.0,0.0,0.0,0.0,0.0,0.0,0.0,0.0,0.0,0.0,0.0,0.0,0.0,0.0,0.0,0.0,0.0,0.0,0.0,0.0,0.0,0.0,0.0,0.0,0.0,0.0,0.0,0.0,0.0,0.0,0.0,0.0,0.0,0.0,0.0,0.0,0.0,0.0,0.0,0.0,0.0,0.0,0.0,0.0028248587570621,0.0,0.0,0.0,0.0,0.0,0.0,0.0,0.0,0.0,0.0,0.0,0.0,0.0,0.0,0.0,0.0,0.0,0.0,0.0,0.0,0.0,0.0,0.0,0.0,0.0,0.0,0.0,0.0,0.0,0.0,0.0,0.0,0.0,0.0,0.0,0.0,0.0,0.0,0.0,0.0,0.0,0.0,0.0,0.0,0.0,0.0,0.0,0.0,0.0,0.0,0.0,0.0,0.0,0.0,0.0,0.0,0.0,0.0,0.0,0.0,0.0,0.0,0.0,0.0,0.0,0.0,0.0,0.0,0.0,0.0,0.0,0.0,0.0,0.0,0.0,0.0,0.0,0.0,0.0,0.0,0.0,0.0,0.0
0.0,0.0025533890436397495,0.003724571621507542,0.004526462395543186,0.00019343856391209995,0.00038135031171243096,0.003382411460405886,0.0033658310120705665,0.003382411460405886,0.0033658310120705665,0.0033658310120705665,0.0,0.0005803156917363063,0.0033658310120705665,0.0033658310120705665,0.0005803156917363098,0.0,0.0,0.0,0.0,0.0,0.0,0.0033658310120705665,0.0033658310120705665,0.0,0.0,0.00278551532033425,0.0,0.0,0.0,0.0,0.0,0.0,0.0,0.0,0.0,0.0,0.0,0.0,0.0,0.0,0.0,0.0,0.0,0.0,0.0,0.0,0.0,0.0,0.0,0.0,0.0025533890436397495,0.0,0.007090402633578108,0.0,0.007118539151965333,0.0041782729805013834,0.0041782729805013834,0.0,0.0,0.0,0.0,0.003291972651304127,0.0,0.0,0.0,0.0041782729805013834,0.0041782729805013834,0.0,0.0,0.0,0.0,0.0,0.0,0.0,0.0,0.0,0.0,0.0,0.0,0.0,0.0,0.0,0.0,0.0,0.0,0.0,0.0,0.0,0.0,0.0,0.0,0.0041782729805013834,0.0,0.0,0.0,0.0,0.0,0.0,0.0,0.0,0.0,0.003724571621507542,0.007090402633578108,0.0,0.0027855153203342566,0.003545201316789054,0.005408240784285352,0.0,0.00612813370473536,0.003545201316789054,0.003545201316789054,0.003183446080382,0.0,0.003545201316789054,0.0,0.0,0.0,0.0,0.0,0.0,0.0,0.0,0.0,0.0,0.0,0.0,0.0,0.0,0.0,0.0,0.0,0.0,0.0,0.0,0.0,0.0,0.0,0.0,0.0,0.0,0.0,0.0,0.0,0.0,0.0,0.0,0.0,0.0,0.0,0.0,0.0,0.0,0.004526462395543186,0.0,0.0027855153203342566,0.0,0.0035592695759826664,0.002586549940310378,0.0011937922801432584,0.0027855153203342566,0.0,0.0,0.0027855153203342566,0.0027855153203342566,0.0027855153203342566,0.00018570102135561642,0.0,0.0027855153203342566,0.0,0.0,0.0027855153203342566,0.0027855153203342553,0.0,0.0,0.0,0.0,0.0,0.0,0.0,0.0,0.0,0.0,0.0,0.0,0.0,0.0,0.0,0.0,0.0,0.0,0.0,0.0,0.0,0.0,0.0,0.0,0.0,0.0,0.0,0.0,0.0,0.0,0.0,0.00019343856391209995,0.007118539151965333,0.003545201316789054,0.0035592695759826664,0.0,0.010677808727948,0.00035371623115356115,0.010677808727948,0.0035592695759826664,0.0,0.00037582349560066636,0.0,0.0007737542556484063,0.002971216341689873,0.003214056138847223,0.0,0.0,0.0,0.003545201316789054,0.0027855153203342553,0.0,0.0,0.0,0.0,0.0,0.0,0.0,0.0,0.0,0.0,0.0,0.0,0.0,0.0,0.0,0.0,0.0,0.0,0.0,0.0,0.0,0.0,0.0,0.0,0.0,0.0,0.0,0.0,0.0,0.0,0.0,0.00038135031171243096,0.0041782729805013834,0.005408240784285352,0.002586549940310378,0.010677808727948,0.0,0.00039793076004775033,0.002904894548348591,0.003382411460405886,0.005880532342927877,0.0,0.006583945302608254,0.00019896538002387538,0.002971216341689873,0.0029844807003581355,0.0,0.0,0.0029844807003581355,0.0,0.0,0.0,0.0,0.0029844807003581355,0.0,0.0,0.0,0.0,0.0,0.0029844807003581355,0.0,0.0,0.0,0.0,0.0,0.0,0.0,0.0,0.0,0.0,0.0,0.0,0.0,0.0,0.0,0.0,0.0,0.0,0.0,0.0,0.0,0.0,0.003382411460405886,0.0041782729805013834,0.0,0.0011937922801432584,0.00035371623115356115,0.00039793076004775033,0.0,0.003382411460405886,0.006764822920811772,0.002498120882521991,0.0,0.0,0.0005968961400716257,0.0,0.0,0.0,0.0,0.0,0.003545201316789054,0.0,0.0,0.0,0.003382411460405886,0.0027855153203342497,0.0,0.0,0.0,0.0,0.0,0.0,0.0,0.0,0.003382411460405886,0.0,0.0,0.0,0.003382411460405886,0.0,0.0,0.0,0.0,0.0,0.0,0.0,0.0,0.0,0.0,0.0,0.0,0.0,0.0,0.0033658310120705665,0.0,0.00612813370473536,0.0027855153203342566,0.010677808727948,0.002904894548348591,0.003382411460405886,0.0,0.006764822920811772,0.0057567316620241345,0.00306406685236768,0.0,0.0,0.0,0.00306406685236768,0.00306406685236768,0.0,0.00306406685236768,0.0,0.0,0.0,0.0,0.0,0.00612813370473536,0.0,0.0,0.0,0.0,0.0,0.0,0.0,0.0,0.0,0.0,0.0,0.0,0.0,0.0,0.0,0.0,0.0,0.0,0.0,0.0,0.0,0.0,0.0,0.0,0.0,0.0,0.0,0.003382411460405886,0.0,0.003545201316789054,0.0,0.0035592695759826664,0.003382411460405886,0.006764822920811772,0.006764822920811772,0.0,0.0,0.0001989653800238858,0.0034728502695076445,0.0,0.006764822920811772,0.003382411460405886,0.0,0.006764822920811772,0.0,0.0,0.0,0.0,0.0,0.0032497678737232996,0.0027855153203342497,0.002785515320334233,0.0,0.0,0.0,0.0,0.003382411460405886,0.0,0.0,0.0,0.0,0.0,0.0,0.0,0.0,0.0,0.0,0.0,0.0,0.0,0.0,0.0,0.0,0.0,0.0,0.0,0.0,0.0,0.0033658310120705665,0.0,0.003545201316789054,0.0,0.0,0.005880532342927877,0.002498120882521991,0.0057567316620241345,0.0,0.0,0.0034266259893000616,0.0051771193832475,0.0024760136180749038,3.095017022593455e-05,0.003214056138847223,0.0,0.0,0.0,0.0,0.005571030640668511,0.0029402661714639385,0.0,0.0,0.0,0.0,0.0,0.0,0.0,0.0,0.0,0.0,0.0,0.0,0.0,0.0,0.0027855153203342,0.0,0.0,0.0,0.0,0.0,0.0,0.0,0.0,0.0,0.0,0.0,0.0,0.0,0.0,0.0,0.0033658310120705665,0.0,0.003183446080382,0.0027855153203342566,0.00037582349560066636,0.0,0.0,0.00306406685236768,0.0001989653800238858,0.0034266259893000616,0.0,0.0,0.00557103064066852,0.002971216341689873,0.006428112277694446,0.0027855153203342566,0.006499535747446599,0.0,0.0,0.0,0.0027855153203342497,0.006077487971638382,0.0032497678737232996,0.0,0.0,0.003183446080382,0.0,0.0,0.0,0.0,0.0,0.0,0.0,0.0,0.0,0.0,0.0,0.003183446080382,0.0,0.0,0.0,0.0,0.0,0.0,0.0,0.0,0.0,0.0,0.0,0.0,0.0,0.0,0.003291972651304127,0.0,0.0027855153203342566,0.0,0.006583945302608254,0.0,0.0,0.0034728502695076445,0.0051771193832475,0.0,0.0,0.0,0.0036127289609183813,7.791651245690409e-05,0.0,0.003291972651304127,0.0,0.0,0.0005064573309698718,0.0,0.0,0.0,0.0,0.0,0.0,0.0,0.0,0.0,0.0,0.0,0.0,0.0,0.0,0.0,0.0,0.0,0.0,0.0,0.0,0.0,0.0,0.0,0.0,0.0,0.0,0.0,0.0,0.0,0.0,0.0,0.0005803156917363063,0.0,0.003545201316789054,0.0027855153203342566,0.0007737542556484063,0.00019896538002387538,0.0005968961400716257,0.0,0.0,0.0024760136180749038,0.00557103064066852,0.0,0.0,0.005942432683379746,0.003214056138847223,0.0027855153203342566,0.0018570102135561815,0.0,0.003545201316789054,0.0,0.0,0.006077487971638382,0.0,0.00278551532033426,0.0,0.0,0.0,0.0,0.0,0.0,0.0,0.0,0.0,0.0,0.0,0.0,0.0,0.0,0.0,0.002785515320334233,0.0,0.0,0.0,0.0,0.0,0.0,0.0,0.0,0.0,0.0,0.0,0.0033658310120705665,0.0,0.0,0.00018570102135561642,0.002971216341689873,0.002971216341689873,0.0,0.0,0.006764822920811772,3.095017022593455e-05,0.002971216341689873,0.0036127289609183813,0.005942432683379746,0.0,0.0,0.0027855153203342566,0.0,0.002971216341689873,0.0,0.0,0.002971216341689873,0.0,0.002971216341689873,0.002971216341689873,0.0,0.0,0.0,0.0027855153203342,0.0,0.002971216341689873,0.0,0.0,0.002971216341689873,0.0,0.0,0.0,0.0,0.0,0.0,0.0,0.0,0.0,0.0,0.0,0.0,0.0,0.0,0.0,0.0,0.0,0.0,0.0033658310120705665,0.0,0.0,0.0,0.003214056138847223,0.0029844807003581355,0.0,0.00306406685236768,0.003382411460405886,0.003214056138847223,0.006428112277694446,7.791651245690409e-05,0.003214056138847223,0.0,0.0,0.0,3.571173487607656e-05,0.0,0.003214056138847223,0.0,0.005571030640668499,0.0066034244307224795,0.0,0.0,0.0,0.003214056138847223,0.0,0.0,0.0,0.003214056138847223,0.0,0.0,0.0,0.0,0.0,0.0,0.0,0.0,0.0,0.0,0.0,0.0,0.0,0.0,0.0,0.0,0.0,0.0,0.0,0.0,0.0,0.0005803156917363098,0.0041782729805013834,0.0,0.0027855153203342566,0.0,0.0,0.0,0.00306406685236768,0.0,0.0,0.0027855153203342566,0.0,0.0027855153203342566,0.0027855153203342566,0.0,0.0,0.0,0.0,0.0,1.3010426069826053e-18,0.0027855153203342566,0.0,0.0032497678737232996,0.0027855153203342636,0.0,0.0027855153203342566,0.0,0.0,0.00417827298050135,0.004178272980501375,0.0,0.0,0.0027855153203342566,0.0,0.0027855153203342566,0.0,0.0,0.0,0.0,0.0027855153203342566,0.0027855153203342566,0.0,0.0,0.0,0.0,0.0,0.0,0.0,0.0,0.0,0.0,0.0,0.0041782729805013834,0.0,0.0,0.0,0.0,0.0,0.0,0.006764822920811772,0.0,0.006499535747446599,0.003291972651304127,0.0018570102135561815,0.0,3.571173487607656e-05,0.0,0.0,0.005571030640668499,0.003545201316789054,0.0032497678737232996,0.0,0.0,0.0,0.0,0.0032497678737232996,0.0,0.0,0.0,0.0,0.0032497678737232996,0.0,0.0032497678737232996,0.0032497678737232996,0.0,0.0,0.0032497678737232996,0.0,0.0,0.0,0.0,0.0,0.0,0.0,0.0,0.0,0.0,0.0,0.0,0.0,0.0,0.0,0.0,0.0,0.0,0.0,0.0,0.0029844807003581355,0.0,0.00306406685236768,0.0,0.0,0.0,0.0,0.0,0.002971216341689873,0.0,0.0,0.005571030640668499,0.0,0.007090402633578108,0.0027855153203342553,0.0027855153203342497,0.003038743985819191,0.0,0.0,0.0,0.0,0.00278551532033425,0.0,0.0,0.0,0.0,0.0,0.0,0.0,0.0,0.0,0.0,0.0,0.0,0.0,0.0,0.0,0.0,0.0,0.0,0.0,0.0,0.0,0.0,0.0,0.0,0.0,0.0,0.0,0.0027855153203342566,0.003545201316789054,0.0,0.003545201316789054,0.0,0.0,0.0,0.0,0.0,0.003545201316789054,0.0,0.003214056138847223,0.0,0.003545201316789054,0.007090402633578108,0.0,0.0,0.003545201316789054,0.003038743985819191,0.003545201316789054,0.0,0.0,0.003545201316789054,0.0,0.0,0.003545201316789054,0.0,0.0,0.0,0.0,0.0,0.0,0.0,0.0,0.0,0.0,0.0,0.0,0.0,0.0,0.0,0.0,0.0,0.0,0.0,0.0,0.0,0.0,0.0,0.0,0.0,0.0027855153203342553,0.0027855153203342553,0.0,0.0,0.0,0.0,0.005571030640668511,0.0,0.0005064573309698718,0.0,0.0,0.0,1.3010426069826053e-18,0.0032497678737232996,0.0027855153203342553,0.0,0.0,0.0,0.0,0.0032497678737232996,0.0027855153203342553,0.0,5.204170427930421e-18,0.0,0.0,0.00417827298050135,0.0,0.0,0.0,0.0,0.0,0.0,0.0,0.0,0.0,0.0,0.0,0.0,0.0,0.0,0.0,0.0,0.0,0.0,0.0,0.0,0.0,0.0,0.0,0.0,0.0,0.0,0.0,0.0,0.0,0.0,0.0,0.0029402661714639385,0.0027855153203342497,0.0,0.0,0.002971216341689873,0.005571030640668499,0.0027855153203342566,0.0,0.0027855153203342497,0.003545201316789054,0.0,0.0,0.0,0.0,0.0,0.0027855153203342497,0.0,0.0,0.0,0.0,0.0,0.0,0.0,0.0,0.0,0.0,0.0,0.0,0.0,0.0,0.002785515320334233,0.0,0.0,0.0,0.00278551532033425,0.0,0.0027855153203342,0.0,0.0,0.0,0.0,0.0,0.0,0.0,0.0,0.0,0.0,0.0,0.0,0.0,0.0,0.0,0.006077487971638382,0.0,0.006077487971638382,0.0,0.0066034244307224795,0.0,0.0,0.003038743985819191,0.003038743985819191,0.0,0.0,0.0,0.0,0.003038743985819191,0.0,0.0,0.0,0.003038743985819191,0.0,0.003038743985819191,0.0,0.0,0.0,0.0,0.0,0.0,0.0,0.0,0.0,0.0,0.0,0.0027855153203342,0.003038743985819191,0.00278551532033425,0.0,0.0,0.0,0.0,0.0,0.0,0.0,0.0033658310120705665,0.0,0.0,0.0,0.0,0.0029844807003581355,0.003382411460405886,0.0,0.0032497678737232996,0.0,0.0032497678737232996,0.0,0.0,0.002971216341689873,0.0,0.0032497678737232996,0.0,0.0,0.003545201316789054,0.0032497678737232996,0.0,0.0,0.0,0.0027855153203342497,0.0,0.0,0.0032497678737232996,0.0,0.0,0.0,0.0,0.0,0.0,0.0032497678737232996,0.0,0.0,0.0,0.0,0.0,0.0,0.0,0.0,0.0,0.0,0.0,0.0,0.0,0.0,0.0,0.0,0.0,0.0033658310120705665,0.0,0.0,0.0,0.0,0.0,0.0027855153203342497,0.00612813370473536,0.0027855153203342497,0.0,0.0,0.0,0.00278551532033426,0.002971216341689873,0.0,0.0027855153203342636,0.0,0.0,0.0,0.0027855153203342553,0.0,0.003038743985819191,0.0027855153203342497,0.0,0.0,0.00278551532033425,0.0,0.0,0.0027855153203342497,0.004178272980501375,0.0,0.0027855153203342497,0.0,0.0,0.0,0.0,0.0,0.0,0.0,0.0,0.0,0.0,0.0,0.0,0.0,0.0,0.0,0.0,0.0,0.0,0.0,0.0,0.0,0.0,0.0,0.0,0.0,0.0,0.0,0.002785515320334233,0.0,0.0,0.0,0.0,0.0,0.0,0.0,0.0032497678737232996,0.0,0.0,0.0,0.0027855153203342497,0.0,0.0,0.0,0.0,0.0,0.002785515320334233,0.0,0.002785515320334233,0.0,0.0027855153203342,0.0,0.0,0.0,0.0,0.0,0.0,0.0,0.0,0.0,0.0,0.0,0.0,0.0,0.0,0.0,0.0,0.0,0.0,0.0,0.0,0.0,0.0,0.0,0.0,0.0,0.0,0.0,0.0,0.0,0.0,0.003183446080382,0.0,0.0,0.0,0.003214056138847223,0.0027855153203342566,0.0,0.0,0.003545201316789054,5.204170427930421e-18,0.0,0.0,0.0,0.00278551532033425,0.0,0.0,0.0,0.0,0.0,0.0,0.0,0.0,0.0,0.0,0.0,0.0,0.0,0.0,0.00278551532033425,0.0,0.0,0.0,0.0,0.0,0.0,0.0,0.0,0.0,0.0,0.0,0.0,0.00278551532033425,0.0,0.0,0.0,0.0,0.0,0.0,0.0,0.0,0.0,0.0,0.0,0.0,0.0,0.0,0.0,0.0,0.00278551532033425,0.0,0.0,0.0,0.0,0.0032497678737232996,0.0,0.002785515320334233,0.0,0.0,0.00278551532033425,0.0,0.0,0.0,0.00278551532033425,0.0,0.0,0.0,0.0,0.0,0.0027855153203342,0.0,0.0,0.0,0.0,0.0,0.0,0.0,0.0,0.0,0.0,0.0,0.0,0.0,0.0,0.0,0.0,0.0,0.0,0.0,0.0,0.0,0.0,0.0,0.0,0.0,0.0,0.0027855153203342,0.0,0.0,0.0,0.0,0.0,0.0,0.0,0.003038743985819191,0.0,0.0,0.0,0.0,0.00278551532033425,0.0,0.0,0.0,0.0,0.0,0.0,0.0,0.0,0.0,0.0,0.0,0.0,0.0,0.0,0.0,0.0,0.0,0.0,0.0,0.0,0.0,0.0,0.0,0.0,0.0,0.0,0.0,0.0,0.0,0.0029844807003581355,0.0,0.0,0.0,0.0,0.0,0.0,0.0,0.0,0.0,0.00417827298050135,0.0,0.0,0.003545201316789054,0.00417827298050135,0.0,0.0,0.0,0.0027855153203342497,0.002785515320334233,0.0,0.0,0.0,0.0,0.004178272980501375,0.0,0.0,0.0,0.0,0.0,0.0,0.0,0.0,0.0027855153203342,0.0,0.0,0.0,0.0,0.0,0.0,0.0,0.0,0.0,0.0,0.0,0.0,0.0,0.0,0.0,0.0,0.0,0.0,0.0,0.0,0.003382411460405886,0.0,0.0,0.0,0.0,0.002971216341689873,0.003214056138847223,0.004178272980501375,0.0032497678737232996,0.0,0.0,0.0,0.0,0.003038743985819191,0.0,0.004178272980501375,0.0,0.0,0.0,0.0,0.004178272980501375,0.0,0.0,0.0,0.0,0.0,0.0,0.0,0.0,0.0,0.0,0.0,0.0,0.0,0.0,0.0,0.004178272980501375,0.0,0.0,0.0,0.0,0.0,0.0,0.0,0.0,0.0,0.0,0.0,0.0,0.0,0.0,0.0,0.0,0.0,0.0,0.0,0.0,0.0,0.0,0.0,0.0,0.0,0.0,0.0,0.0,0.0,0.0,0.0027855153203342,0.0,0.0,0.0,0.0,0.0,0.0,0.0,0.0,0.0,0.0,0.0,0.0,0.0,0.0,0.0,0.0,0.0,0.0,0.0,0.0,0.0,0.0,0.0,0.0,0.0,0.0,0.0,0.0,0.0,0.0,0.0,0.0,0.0,0.0,0.0,0.0,0.0,0.0,0.0,0.0,0.0,0.0,0.0032497678737232996,0.0,0.0,0.0,0.0,0.0,0.0,0.0027855153203342497,0.0,0.0,0.00278551532033425,0.0,0.0,0.0,0.0,0.0,0.0,0.0,0.0,0.0,0.0,0.0,0.0,0.0,0.0,0.0,0.0,0.0,0.0,0.0,0.0,0.0,0.0,0.0,0.0,0.0,0.0,0.0,0.0,0.0,0.0,0.003382411460405886,0.0,0.0,0.0,0.0,0.0,0.0,0.002971216341689873,0.0,0.0027855153203342566,0.0032497678737232996,0.0,0.0,0.0,0.0,0.0,0.0,0.0,0.0,0.0,0.0,0.0,0.0,0.0,0.0,0.0,0.0,0.0,0.0,0.0,0.0,0.0,0.0,0.002785515320334233,0.0,0.0,0.0,0.0,0.0,0.0,0.0,0.0,0.0,0.0,0.0,0.0,0.0,0.0,0.0,0.0,0.0,0.0,0.0,0.0,0.0,0.0,0.0,0.0,0.0,0.0,0.0,0.0,0.0,0.0,0.0,0.0,0.0,0.0032497678737232996,0.0,0.0,0.0,0.0,0.0,0.0,0.0,0.0,0.0,0.0,0.0,0.0,0.0,0.0027855153203342,0.0,0.0,0.0,0.0,0.0,0.0,0.0,0.0,0.0,0.0,0.0,0.0,0.0,0.0,0.0,0.0,0.0,0.0,0.0,0.0,0.0,0.0,0.0,0.0,0.0,0.0,0.0,0.0,0.0,0.0027855153203342566,0.0,0.0,0.0,0.0,0.0,0.0,0.0,0.0,0.0,0.0,0.0,0.0,0.0,0.0,0.0,0.0,0.0,0.0,0.0,0.0,0.0,0.0,0.0,0.0,0.0,0.00278551532033425,0.0,0.0,0.0,0.0,0.0,0.0,0.00278551532033425,0.0,0.0,0.0,0.0,0.0,0.0,0.0,0.0,0.0,0.0,0.0,0.0027855153203342,0.0,0.0,0.0,0.0,0.0,0.0,0.0032497678737232996,0.0,0.0,0.0,0.0,0.0,0.0,0.0,0.0,0.0,0.0,0.0,0.0,0.0,0.0,0.0,0.0,0.0,0.0,0.0,0.0,0.0,0.0,0.0,0.0,0.0,0.0,0.0,0.0,0.0,0.0,0.0,0.0,0.0,0.0,0.0,0.0,0.0,0.0,0.0,0.0,0.003382411460405886,0.0,0.0,0.0,0.0,0.0,0.0,0.0,0.0,0.0,0.0,0.0,0.0,0.0,0.0,0.0,0.0,0.0,0.0,0.0,0.0,0.0,0.0,0.0,0.0,0.0,0.0,0.0027855153203342,0.0,0.0,0.0,0.0,0.0,0.0,0.0,0.0,0.0,0.0,0.0,0.0,0.0,0.0,0.0,0.0,0.0,0.0,0.0,0.0,0.0,0.0,0.0,0.0,0.0,0.0,0.0,0.003183446080382,0.0,0.0,0.0,0.0,0.0,0.0,0.0,0.0,0.0,0.0,0.0,0.0,0.0,0.0,0.0,0.0027855153203342,0.0,0.0,0.0,0.0,0.0,0.0,0.0,0.0,0.0,0.0,0.0,0.0,0.0,0.0,0.0,0.0,0.0,0.0,0.0,0.0,0.0,0.0,0.0,0.0,0.0,0.0,0.0,0.0,0.0,0.0,0.0,0.0,0.0,0.0,0.0,0.0,0.0,0.0,0.0,0.0,0.0,0.0,0.0,0.0,0.0,0.0,0.0,0.0,0.0,0.00278551532033425,0.0,0.0,0.0027855153203342,0.0,0.0,0.0,0.0,0.0,0.0,0.0,0.0,0.0,0.0,0.0,0.0,0.0,0.0,0.0,0.0,0.0,0.0,0.0,0.0,0.0,0.0,0.0,0.0,0.0,0.0,0.0,0.0,0.0,0.0,0.0,0.0,0.0,0.0,0.002785515320334233,0.0,0.0,0.0027855153203342566,0.0,0.0,0.0,0.0,0.002785515320334233,0.0,0.0,0.0,0.0,0.0,0.0,0.0,0.0,0.0,0.0,0.0,0.002785515320334233,0.0,0.0,0.0,0.0,0.0,0.0,0.0,0.0,0.0,0.0,0.0,0.0,0.0,0.0,0.0,0.0,0.0,0.0,0.0,0.0,0.0,0.0,0.0,0.0,0.0,0.0,0.0,0.0,0.0,0.0,0.0,0.0,0.0,0.0027855153203342566,0.0,0.0,0.0,0.0,0.0,0.0,0.0,0.0,0.0,0.0,0.0,0.0,0.0,0.0,0.0,0.0,0.0,0.0,0.0,0.0,0.0,0.0,0.0,0.0,0.0,0.0,0.0,0.0,0.0,0.0,0.0,0.0,0.0,0.0,0.0,0.0,0.0041782729805013834,0.0,0.0,0.0,0.0,0.0,0.0,0.0,0.0,0.0,0.0,0.0,0.0,0.0,0.0,0.0,0.0,0.0,0.0,0.0,0.0027855153203342,0.0,0.0,0.0,0.0,0.0,0.0,0.0,0.0,0.0,0.0,0.0,0.0,0.00278551532033425,0.0,0.0,0.0,0.0,0.0,0.0,0.0,0.0,0.0,0.0,0.0,0.0,0.0,0.0,0.0,0.0,0.0,0.0,0.0,0.0,0.0,0.0,0.0,0.0,0.0,0.0,0.0,0.0,0.0,0.0,0.0,0.0,0.0,0.0,0.0,0.0,0.0,0.003038743985819191,0.0,0.0,0.0,0.0,0.0,0.0,0.0,0.0,0.0,0.0,0.0,0.0,0.0,0.0,0.0,0.0,0.0,0.0,0.0,0.0,0.0,0.0,0.0,0.0,0.0,0.0,0.0,0.0,0.0,0.0,0.0,0.0,0.0,0.0,0.0,0.0,0.0,0.0,0.0,0.0,0.0,0.0,0.0,0.0,0.0,0.0,0.0,0.0,0.0,0.00278551532033425,0.00278551532033425,0.0,0.0,0.0,0.0,0.0,0.0,0.0,0.0,0.0,0.0,0.0,0.0,0.0,0.0,0.0,0.0,0.0,0.0,0.0,0.0,0.0,0.0,0.0,0.0,0.0,0.0,0.0,0.0,0.0,0.0,0.0,0.0,0.0,0.0,0.0,0.0,0.0,0.0,0.0,0.0,0.0,0.0,0.0,0.0,0.0,0.0,0.0,0.0,0.0,0.0,0.0,0.0,0.0,0.0,0.0,0.0,0.0,0.0,0.004178272980501375,0.0,0.0,0.0,0.0,0.0,0.0,0.0,0.0,0.0,0.0,0.0,0.0,0.0,0.0,0.0,0.0,0.0,0.0,0.0,0.0,0.0,0.0,0.0,0.0,0.0,0.0,0.0,0.0,0.0,0.0,0.0,0.0,0.0,0.0,0.0,0.0,0.0,0.0,0.0,0.0,0.0,0.0027855153203342,0.0,0.0,0.0,0.0,0.0,0.0,0.0,0.0,0.0,0.0,0.0,0.0,0.0,0.0,0.0,0.0,0.0,0.0,0.0,0.0,0.0,0.0,0.0,0.0,0.0,0.0,0.0,0.0,0.0,0.0,0.0,0.0,0.0,0.0,0.0,0.0,0.0,0.0,0.0,0.0,0.0,0.0,0.0,0.0,0.0,0.0,0.0,0.0,0.0,0.0,0.0,0.0,0.0,0.0,0.0,0.0,0.0,0.0,0.0,0.0,0.0,0.0,0.0,0.0,0.0,0.0,0.0,0.0,0.0,0.0,0.0,0.0,0.0,0.0,0.0,0.0,0.0,0.0,0.0,0.0,0.0027855153203342,0.0,0.0,0.0,0.0,0.0,0.0,0.0,0.0,0.0,0.0,0.0,0.0,0.0,0.0,0.0,0.0,0.0,0.0,0.0,0.0,0.0,0.0,0.0,0.0,0.0,0.0,0.0,0.0,0.0,0.0,0.0,0.0,0.0,0.0,0.0,0.0,0.0,0.0,0.0,0.0,0.0,0.0,0.0,0.0,0.0,0.0,0.0,0.0,0.0,0.0,0.0,0.0,0.0,0.0,0.0,0.0,0.0,0.0,0.0,0.0,0.0,0.0,0.0,0.0,0.0,0.0,0.0,0.0,0.0,0.0,0.0,0.0,0.0,0.0,0.0,0.0,0.0,0.0,0.0,0.0,0.0,0.0,0.0,0.0,0.0,0.00278551532033425,0.0,0.0,0.0,0.0,0.0,0.0,0.0,0.0,0.0,0.0,0.0,0.0,0.0,0.0,0.0,0.0,0.0,0.0,0.0,0.0,0.0,0.0,0.0,0.0,0.0,0.0,0.0,0.0,0.0,0.0,0.0,0.0,0.0,0.0,0.0,0.0,0.0,0.0,0.0,0.0,0.0,0.0,0.0,0.0,0.0,0.0,0.0,0.0,0.0,0.0,0.0,0.0,0.0,0.0,0.0,0.0,0.0,0.0,0.0,0.0,0.0,0.0,0.0,0.0,0.0,0.0,0.0,0.0,0.0,0.0,0.0,0.0,0.0,0.0,0.0,0.0,0.0,0.0,0.0,0.0,0.0,0.0,0.0,0.0,0.0,0.0,0.0,0.0,0.0,0.0,0.0,0.0,0.0,0.0,0.0,0.0,0.0,0.0,0.0,0.0,0.0,0.0,0.0,0.0,0.0,0.0,0.0,0.0,0.0,0.0,0.0,0.0,0.0,0.0027855153203342,0.0,0.0,0.0,0.0
