0.0,0.0,0.0,0.0,0.0,0.0,0.0,0.0,0.0,0.0,0.0,0.0,0.0,0.0,0.0,0.0,0.0,0.0,0.0,0.0,0.0,0.0,0.0,0.0,0.0,0.0,0.0,0.0,0.0,0.0,0.0,0.0,0.0,0.0,0.0,0.0,0.0,0.0,0.0,0.0,0.0,0.0,0.0,0.0,0.0,0.0,0.0,0.009744045162968451,0.0,0.0,0.0,0.0,0.0,0.0,0.0,0.0,0.0,0.0,0.0,0.0,0.0,0.0,0.0,0.0,0.0,0.0,0.0,0.0,0.0,0.0,0.0,0.0,0.0,0.0,0.0,0.0,0.0,0.0,0.0,0.0,0.0,0.0,0.0,0.0,0.0,0.011097446812790384,0.0,0.0,0.007444320355466659,0.014827196206283422,0.014414751303997728,0.007451903317257407,0.007444320355466659,0.0,0.0,0.0,0.0,0.0,0.0,0.0,0.0,0.0,0.0,0.0,0.0,0.0,0.0,0.0,0.0,0.0,0.0,0.0,0.0,0.0,0.0,0.0,0.0,0.0,0.0,0.0,0.0,0.0,0.0,0.0,0.0,0.011097446812790384,0.0,0.022578503796662062,0.01649939247871482,0.024159643965886414,0.017417285433231722,0.0,0.0,0.0,0.0,0.0,0.0,0.01003440958241496,0.0,0.0,0.0,0.0,0.0,0.0,0.0,0.0,0.0,0.0,0.0,0.0,0.0,0.0,0.0,0.0,0.0,0.0,0.0,0.0,0.0,0.0,0.0,0.0,0.0,0.0,0.0,0.0,0.0,0.022578503796662062,0.0,0.01958582317504084,0.014148362611850002,0.007382875850816763,0.010313395300740038,0.01999599753150451,0.008483576881040268,0.006862117046242489,0.0,0.0,0.0,0.0,0.0,0.0,0.0,0.0,0.0,0.0,0.0,0.0,0.0,0.0,0.0,0.0,0.0,0.0,0.0,0.0,0.0,0.0,0.0,0.0,0.0,0.0,0.0,0.0,0.0,0.0,0.0,0.0,0.01649939247871482,0.01958582317504084,0.022204492588001147,0.007439238758210821,0.02484300818626002,0.006970430948531069,0.0,0.011102246294000574,0.006862117046242489,0.0,0.013107716912987625,0.0,0.0,0.0,0.0,0.0,0.0,0.0,0.0,0.0,0.0,0.0,0.0,0.0,0.0,0.0,0.0,0.0,0.0,0.0,0.0,0.0,0.0,0.0,0.0,0.0,0.0,0.0,0.0,0.009744045162968451,0.007444320355466659,0.024159643965886414,0.014148362611850002,0.007439238758210821,0.028296725223700005,0.02047967287561272,0.029507631914183468,0.007451903317257407,0.0,0.019711717405003968,0.016316914692734885,0.008846570270106607,0.0,0.0,0.0,0.0,0.0,0.0,0.0,0.0,0.0,0.0,0.0,0.0,0.0,0.0,0.0,0.0,0.0,0.0,0.0,0.0,0.0,0.0,0.0,0.0,0.0,0.0,0.0,0.0,0.0,0.014827196206283422,0.017417285433231722,0.007382875850816763,0.02484300818626002,0.02047967287561272,0.0274815237845189,0.01374076189225945,0.027242887165832907,0.03134656604459643,0.02642819146018415,0.007382875850816763,0.027372535476387544,0.018477997208384965,0.007382875850816763,0.0,0.007012244412564114,0.0,0.0,0.0,0.0,0.0,0.0,0.0,0.0,0.0,0.0,0.0,0.0,0.0,0.0,0.0,0.0,0.0,0.0,0.0,0.0,0.0,0.0,0.0,0.0,0.0,0.014414751303997728,0.0,0.010313395300740038,0.006970430948531069,0.029507631914183468,0.01374076189225945,0.03071853860466693,0.02944513347326484,0.032582779536653284,0.023149294332885664,0.006970430948531069,0.02846698621532109,0.006970430948531069,0.0,0.0,0.0,0.014414751303997728,0.0,0.0,0.0,0.0,0.0,0.0,0.0,0.0,0.0,0.0,0.0,0.0,0.0,0.0,0.0,0.0,0.0,0.0,0.0,0.0,0.0,0.0,0.0,0.0,0.007451903317257407,0.0,0.01999599753150451,0.0,0.007451903317257407,0.027242887165832907,0.02944513347326484,0.027864592804911235,0.03955126817141688,0.010136299531714152,0.031577249559952655,0.019888308814256225,0.015025645523319468,0.007451903317257407,0.0,0.007012244412564114,0.007444320355466659,0.0,0.0,0.0,0.0,0.0,0.0,0.0,0.0,0.0,0.0,0.0,0.0,0.0,0.0,0.0,0.0,0.0,0.0,0.0,0.0,0.0,0.0,0.0,0.0,0.007444320355466659,0.0,0.008483576881040268,0.011102246294000574,0.0,0.03134656604459643,0.032582779536653284,0.03955126817141688,0.03029083484582628,0.02200753446915563,0.02710204244775155,0.012834207601311296,0.017751028883683996,0.013853058315096079,0.010179113522122054,0.0,0.007444320355466659,0.0,0.0,0.0,0.0,0.0,0.0,0.0,0.0,0.0,0.0,0.0,0.0,0.0,0.0,0.0,0.0,0.0,0.0,0.0,0.0,0.0,0.0,0.0,0.0,0.0,0.0,0.006862117046242489,0.006862117046242489,0.019711717405003968,0.02642819146018415,0.023149294332885664,0.010136299531714152,0.02200753446915563,0.04160497051000055,0.025377733065934455,0.021626680225217305,0.018092799342931794,0.02333256330176721,0.010179113522122054,0.006862117046242489,0.0,0.0,0.0,0.0,0.006862117046242489,0.0,0.0,0.0,0.0,0.0,0.0,0.0,0.0,0.0,0.0,0.0,0.0,0.0,0.0,0.0,0.0,0.0,0.0,0.0,0.0,0.0,0.0,0.0,0.0,0.016316914692734885,0.007382875850816763,0.006970430948531069,0.031577249559952655,0.02710204244775155,0.025377733065934455,0.029752328942210887,0.008846570270106607,0.023828305407513063,0.009979444522215093,0.012891139229632444,0.01960986752338787,0.009979444522215093,0.0,0.0,0.007561984558127104,0.0,0.0,0.0,0.0,0.0,0.0,0.0,0.0,0.0,0.0,0.0,0.0,0.0,0.0,0.0,0.0,0.0,0.0,0.0,0.0,0.0,0.0,0.0,0.0,0.013107716912987625,0.008846570270106607,0.027372535476387544,0.02846698621532109,0.019888308814256225,0.012834207601311296,0.021626680225217305,0.008846570270106607,0.0,0.021002073835796845,0.008846570270106607,0.01902568379222866,0.0,0.0,0.015224627379131748,0.0,0.007561984558127104,0.0,0.0,0.0,0.0,0.0,0.0,0.0,0.0,0.0,0.0,0.0,0.0,0.0,0.0,0.0,0.0,0.0,0.0,0.0,0.0,0.0,0.0,0.01003440958241496,0.0,0.0,0.0,0.018477997208384965,0.006970430948531069,0.015025645523319468,0.017751028883683996,0.018092799342931794,0.023828305407513063,0.021002073835796845,0.022461364593378608,0.02678401621895414,0.027062678891427654,0.010499857374411451,0.007444320355466659,0.01580848446755192,0.007860990087812773,0.0,0.0,0.0,0.0,0.0,0.0,0.0,0.0,0.0,0.0,0.0,0.0,0.0,0.0,0.0,0.0,0.0,0.0,0.0,0.0,0.0,0.0,0.0,0.0,0.0,0.0,0.0,0.007382875850816763,0.0,0.007451903317257407,0.013853058315096079,0.02333256330176721,0.009979444522215093,0.008846570270106607,0.02678401621895414,0.020850926880887865,0.010179113522122054,0.013978226343195864,0.0,0.0,0.0,0.011206402636087551,0.0056417320436820675,0.00696598193063175,0.0,0.00696598193063175,0.0,0.0,0.0,0.0,0.0,0.0,0.0,0.0,0.0,0.0,0.0,0.0,0.0,0.0,0.0,0.0,0.0,0.0,0.0,0.0,0.0,0.0,0.0,0.0,0.0,0.010179113522122054,0.010179113522122054,0.012891139229632444,0.01902568379222866,0.027062678891427654,0.010179113522122054,0.013635964776249291,0.0068179823881246455,0.0,0.015052724649614503,0.0,0.0,0.0,0.0,0.0,0.0,0.0,0.0,0.0,0.0,0.0,0.0,0.0,0.0,0.0,0.0,0.0,0.0,0.0,0.0,0.0,0.0,0.0,0.0,0.0,0.0,0.0,0.0,0.007012244412564114,0.0,0.007012244412564114,0.0,0.006862117046242489,0.01960986752338787,0.0,0.010499857374411451,0.013978226343195864,0.0068179823881246455,0.026567462822627487,0.0,0.01873459963590131,0.0,0.007561984558127104,0.0,0.007978605967780567,0.007012244412564114,0.0,0.0,0.0,0.0,0.0,0.0,0.0,0.0,0.0,0.0,0.0,0.0,0.0,0.0,0.0,0.0,0.0,0.0,0.0,0.0,0.0,0.0,0.0,0.0,0.014414751303997728,0.007444320355466659,0.007444320355466659,0.0,0.009979444522215093,0.0,0.007444320355466659,0.0,0.0,0.0,0.0,0.007444320355466659,0.0,0.007444320355466659,0.0,0.0,0.0,0.0,0.0,0.0,0.0,0.0,0.0,0.0,0.0,0.0,0.0,0.0,0.0,0.0,0.0,0.0,0.0,0.0,0.0,0.0,0.0,0.0,0.0,0.0,0.0,0.0,0.0,0.0,0.0,0.0,0.015224627379131748,0.01580848446755192,0.0,0.015052724649614503,0.01873459963590131,0.007444320355466659,0.0,0.0,0.0,0.0,0.0,0.0,0.008234742261489857,0.007978605967780567,0.0,0.0,0.0,0.0,0.0,0.0,0.0,0.0,0.0,0.0,0.0,0.0,0.0,0.0,0.0,0.0,0.0,0.0,0.0,0.0,0.0,0.0,0.0,0.0,0.0,0.0,0.0,0.0,0.007860990087812773,0.0,0.0,0.0,0.0,0.0,0.0,0.01110900514213559,0.0,0.0,0.00796730480350988,0.0,0.0,0.0,0.0,0.0,0.0,0.0,0.0,0.0,0.0,0.0,0.0,0.0,0.0,0.0,0.0,0.0,0.0,0.0,0.0,0.0,0.0,0.0,0.0,0.0,0.0,0.0,0.0,0.007561984558127104,0.007561984558127104,0.0,0.011206402636087551,0.0,0.007561984558127104,0.007444320355466659,0.0,0.01110900514213559,0.0,0.0,0.0,0.0,0.0,0.0,0.0,0.0,0.0,0.0,0.0,0.0,0.0,0.0,0.0,0.0,0.0,0.0,0.0,0.0,0.0,0.0,0.0,0.0,0.0,0.0,0.0,0.0,0.0,0.0,0.0,0.006862117046242489,0.0,0.0,0.0,0.0056417320436820675,0.0,0.0,0.0,0.0,0.0,0.0,0.0,0.007978605967780567,0.0,0.0,0.007978605967780567,0.0,0.0,0.0,0.0,0.0,0.0,0.0,0.0,0.0,0.0,0.0,0.0,0.0,0.0,0.0,0.0,0.0,0.0,0.0,0.0,0.0,0.0,0.0,0.0,0.0,0.0,0.0,0.0,0.0,0.00696598193063175,0.0,0.007978605967780567,0.0,0.0,0.0,0.0,0.007978605967780567,0.0,0.0,0.0,0.0,0.0,0.0,0.0,0.0,0.0,0.0,0.0,0.0,0.0,0.0,0.0,0.0,0.0,0.0,0.0,0.0,0.0,0.0,0.0,0.0,0.0,0.0,0.0,0.0,0.0,0.0,0.0,0.0,0.0,0.0,0.0,0.007012244412564114,0.0,0.0,0.00796730480350988,0.0,0.0,0.0,0.0,0.0,0.0,0.0,0.0,0.0,0.0,0.0,0.0,0.0,0.0,0.0,0.0,0.0,0.0,0.0,0.0,0.0,0.0,0.0,0.0,0.0,0.0,0.0,0.0,0.0,0.0,0.0,0.0,0.0,0.0,0.0,0.00696598193063175,0.0,0.0,0.0,0.008234742261489857,0.0,0.0,0.0,0.0,0.0,0.0,0.0,0.0,0.0,0.0,0.0,0.0,0.0,0.0,0.0,0.0,0.0,0.0,0.0,0.0,0.0,0.0,0.0,0.0,0.0,0.0,0.0,0.0,0.0,0.0,0.0,0.0,0.0,0.0,0.0,0.0,0.0,0.0,0.0,0.0,0.007978605967780567,0.0,0.0,0.007978605967780567,0.0,0.0,0.0,0.0,0.0,0.0,0.0,0.0,0.0,0.0,0.0,0.0,0.0,0.0,0.0,0.0,0.0,0.0,0.0,0.0,0.0,0.0,0.0,0.0,0.0,0.0,0.0,0.0,0.0,0.0,0.0,0.0,0.0,0.0,0.0,0.0,0.0,0.0,0.0,0.0,0.0,0.0,0.0,0.0,0.0,0.0,0.0056417320436820675,0.0,0.0,0.0,0.0,0.0,0.0,0.0,0.0,0.0,0.0,0.0,0.0,0.0,0.0,0.0,0.0,0.0,0.0,0.0,0.0,0.0,0.0,0.0,0.0,0.0,0.0,0.0,0.0,0.0,0.0,0.0,0.0,0.0,0.0,0.0,0.0,0.0,0.0,0.0,0.0056417320436820675,0.0,0.0,0.0,0.0,0.0,0.0,0.0,0.0,0.0,0.0,0.0,0.0,0.0,0.0,0.0,0.0,0.0,0.0,0.0,0.0,0.0,0.0,0.0,0.0,0.0,0.0,0.0,0.0,0.0,0.0,0.0,0.0,0.0,0.0,0.0,0.0,0.0,0.0,0.0,0.0,0.0,0.0,0.0,0.0,0.0,0.0,0.0,0.0,0.0,0.0,0.0,0.0,0.0,0.0,0.0,0.0,0.0,0.0,0.0,0.0,0.0,0.0,0.0,0.0,0.0,0.0,0.0,0.0,0.0,0.0,0.0,0.0,0.0,0.0,0.0,0.0,0.0,0.0,0.0,0.0,0.0,0.0,0.0,0.0,0.0,0.0,0.0,0.0,0.0,0.0,0.0,0.0,0.0,0.0,0.0,0.0,0.0,0.0,0.0,0.0,0.0,0.0,0.0,0.0,0.0,0.0,0.0,0.0,0.0,0.0,0.0,0.0,0.0,0.0,0.0,0.0,0.0,0.0,0.0,0.0,0.0,0.0,0.0,0.0,0.0,0.0,0.0,0.0,0.0,0.0,0.0,0.0,0.0,0.0,0.0,0.0,0.0,0.0,0.0,0.0,0.0,0.0,0.0,0.0,0.0,0.0,0.0,0.0,0.0,0.0,0.0,0.0,0.0,0.0,0.0,0.0,0.0,0.0,0.0,0.0,0.0,0.0,0.0,0.0,0.0,0.0,0.0,0.0,0.0,0.0,0.0,0.0,0.0,0.0,0.0,0.0,0.0,0.0,0.0,0.0,0.0,0.0,0.0,0.0,0.0,0.0,0.0,0.0,0.0,0.0,0.0,0.0,0.0,0.0,0.0,0.0,0.0,0.0,0.0,0.0,0.0,0.0,0.0,0.0,0.0,0.0,0.0,0.0,0.0,0.0,0.0,0.0,0.0,0.0,0.0,0.0,0.0,0.0,0.0,0.0,0.0,0.0,0.0,0.0,0.0,0.0,0.0,0.0,0.0,0.0,0.0,0.0,0.0,0.0,0.0,0.0,0.0,0.0,0.0,0.0,0.0,0.0,0.0,0.0,0.0,0.0,0.0,0.0,0.0,0.0,0.0,0.0,0.0,0.0,0.0,0.0,0.0,0.0,0.0,0.0,0.0,0.0,0.0,0.0,0.0,0.0,0.0,0.0,0.0,0.0,0.0,0.0,0.0,0.0,0.0,0.0,0.0,0.0,0.0,0.0,0.0,0.0,0.0,0.0,0.0,0.0,0.0,0.0,0.0,0.0,0.0,0.0,0.0,0.0,0.0,0.0,0.0,0.0,0.0,0.0,0.0,0.0,0.0,0.0,0.0,0.0,0.0,0.0,0.0,0.0,0.0,0.0,0.0,0.0,0.0,0.0,0.0,0.0,0.0,0.0,0.0,0.0,0.0,0.0,0.0,0.0,0.0,0.0,0.0,0.0,0.0,0.0,0.0,0.0,0.0,0.0,0.0,0.0,0.0,0.0,0.0,0.0,0.0,0.0,0.0,0.0,0.0,0.0,0.0,0.0,0.0,0.0,0.0,0.0,0.0,0.0,0.0,0.0,0.0,0.0,0.0,0.0,0.0,0.0,0.0,0.0,0.0,0.0,0.0,0.0,0.0,0.0,0.0,0.0,0.0,0.0,0.0,0.0,0.0,0.0,0.0,0.0,0.0,0.0,0.0,0.0,0.0,0.0,0.0,0.0,0.0,0.0,0.0,0.0,0.0,0.0,0.0,0.0,0.0,0.0,0.0,0.0,0.0,0.0,0.0,0.0,0.0,0.0,0.0,0.0,0.0,0.0,0.0,0.0,0.0,0.0,0.0,0.0,0.0,0.0,0.0,0.0,0.0,0.0,0.0,0.0,0.0,0.0,0.0,0.0,0.0,0.0,0.0,0.0,0.0,0.0,0.0,0.0,0.0,0.0,0.0,0.0,0.0,0.0,0.0,0.0,0.0,0.0,0.0,0.0,0.0,0.0,0.0,0.0,0.0,0.0,0.0,0.0,0.0,0.0,0.0,0.0,0.0,0.0,0.0,0.0,0.0,0.0,0.0,0.0,0.0,0.0,0.0,0.0,0.0,0.0,0.0,0.0,0.0,0.0,0.0,0.0,0.0,0.0,0.0,0.0,0.0,0.0,0.0,0.0,0.0,0.0,0.0,0.0,0.0,0.0,0.0,0.0,0.0,0.0,0.0,0.0,0.0,0.0,0.0
0.0,0.0,0.0,0.0,0.0,0.0,0.0,0.0,0.0,0.0,0.0,0.0,0.0,0.0,0.0,0.0,0.0,0.0,0.0,0.0,0.0,0.0,0.0,0.0,0.0,0.0,0.0,0.0,0.0,0.0,0.0,0.0,0.0,0.0,0.0,0.0,0.0,0.0,0.0,0.0,0.0,0.0,0.0,0.0,0.0,0.0,0.0,0.0,0.0,0.0,0.0,0.0,0.0,0.0,0.0,0.0,0.0,0.0,0.0,0.0,0.0,0.0,0.0,0.0,0.0,0.0,0.0,0.0,0.0,0.0,0.0,0.0,0.0,0.0,0.0,0.0,0.0,0.0,0.0,0.0,0.0,0.0,0.0,0.0,0.0,0.009758241507760392,0.0,0.009758241507760392,0.0,0.009758241507760392,0.0,0.0,0.0,0.0,0.0,0.0,0.0,0.0,0.0,0.0,0.0,0.0,0.0,0.0,0.0,0.0,0.0,0.0,0.0,0.0,0.0,0.0,0.0,0.0,0.0,0.0,0.0,0.0,0.0,0.0,0.0,0.0,0.0,0.0,0.0,0.009758241507760392,0.015532050955059695,0.0,0.015398857768242815,0.021644936954585157,0.0077660254775298474,0.0,0.007159515023659821,0.016947579586823865,0.0,0.0,0.0077660254775298474,0.0,0.0,0.0,0.0,0.0,0.0,0.0,0.0,0.0,0.0,0.0,0.0,0.0,0.0,0.0,0.0,0.0,0.0,0.0,0.0,0.0,0.0,0.0,0.0,0.0,0.0,0.0,0.0,0.0,0.0,0.0,0.016140472452390864,0.01964042480152481,0.02194914770325074,0.022074967042304723,0.0,0.007159515023659821,0.007686400036128921,0.0,0.008070236226195432,0.008070236226195432,0.008070236226195432,0.008070236226195432,0.0,0.0,0.0,0.0,0.0,0.0,0.0,0.0,0.0,0.0,0.0,0.0,0.0,0.0,0.0,0.0,0.0,0.0,0.0,0.0,0.0,0.0,0.0,0.0,0.0,0.0,0.0,0.009758241507760392,0.015398857768242815,0.01964042480152481,0.0,0.025268803995879344,0.007632832290712968,0.021266955943316696,0.007632832290712968,0.007632832290712968,0.007156212341980469,0.007632832290712968,0.011159261724793453,0.0,0.007632832290712968,0.0,0.0,0.0,0.0,0.0,0.0,0.0,0.0,0.0,0.0,0.0,0.0,0.0,0.0,0.0,0.0,0.0,0.0,0.0,0.0,0.0,0.0,0.0,0.0,0.0,0.0,0.0,0.0,0.021644936954585157,0.02194914770325074,0.025268803995879344,0.03481362157853634,0.013039777916936475,0.016693801730861248,0.007159515023659821,0.03295453442707924,0.007156212341980469,0.0,0.007542112450050965,0.0,0.009398432586529679,0.0,0.009398432586529679,0.0,0.0,0.0,0.0,0.0,0.0,0.0,0.0,0.0,0.0,0.0,0.0,0.0,0.0,0.0,0.0,0.0,0.0,0.0,0.0,0.0,0.0,0.0,0.0,0.0,0.009758241507760392,0.0077660254775298474,0.022074967042304723,0.007632832290712968,0.013039777916936475,0.030784807539742116,0.023845730286552153,0.023603403944297663,0.02883450417565481,0.020916560723572966,0.010329211192636412,0.006971763244854,0.007348772440144069,0.006971763244854,0.0,0.0,0.0,0.0,0.006971763244854,0.0,0.0,0.0,0.0,0.0,0.0,0.0,0.0,0.0,0.0,0.0,0.0,0.0,0.0,0.0,0.0,0.0,0.0,0.0,0.0,0.0,0.0,0.0,0.0,0.0,0.021266955943316696,0.016693801730861248,0.023845730286552153,0.02726824730520746,0.016082351474083108,0.022140266402837595,0.028709575235641504,0.014837481594382534,0.014837481594382534,0.010805952369615679,0.014277439043892323,0.010805952369615679,0.0,0.007751696168462892,0.0,0.0,0.0,0.0,0.0,0.0,0.0,0.0,0.0,0.0,0.0,0.0,0.0,0.0,0.0,0.0,0.0,0.0,0.0,0.0,0.0,0.0,0.0,0.0,0.0,0.007159515023659821,0.007159515023659821,0.007632832290712968,0.007159515023659821,0.023603403944297663,0.016082351474083108,0.03565412241554378,0.029954458872016483,0.03358090693769024,0.027147797942720275,0.021228239564518362,0.01791239846750526,0.014141584923220575,0.018684036582403987,0.018083132114528853,0.01056362602736119,0.0,0.0,0.0,0.007159515023659821,0.0,0.0,0.0,0.0,0.0,0.0,0.0,0.0,0.0,0.0,0.0,0.0,0.0,0.0,0.0,0.0,0.0,0.0,0.0,0.0,0.0,0.016947579586823865,0.007686400036128921,0.007632832290712968,0.03295453442707924,0.02883450417565481,0.022140266402837595,0.029954458872016483,0.022668628066443833,0.02830148277934534,0.016584171915359085,0.018876426483272882,0.01503517247627299,0.011334314033221916,0.007686400036128921,0.007686400036128921,0.0,0.0,0.007686400036128921,0.0,0.0,0.0,0.0,0.0,0.0,0.0,0.0,0.0,0.0,0.0,0.0,0.0,0.0,0.0,0.0,0.0,0.0,0.0,0.0,0.0,0.0,0.0,0.0,0.0,0.007156212341980469,0.007156212341980469,0.020916560723572966,0.028709575235641504,0.03358090693769024,0.02830148277934534,0.02117469906187311,0.021746611255730006,0.014698324792031434,0.010889266039092373,0.023730910046943714,0.007156212341980469,0.0,0.021542014397512937,0.007156212341980469,0.007156212341980469,0.0,0.0,0.0,0.0,0.0,0.0,0.007156212341980469,0.0,0.0,0.0,0.0,0.0,0.0,0.0,0.0,0.0,0.0,0.0,0.0,0.0,0.0,0.0,0.0,0.0,0.008070236226195432,0.007632832290712968,0.0,0.010329211192636412,0.014837481594382534,0.027147797942720275,0.016584171915359085,0.021746611255730006,0.03316834383071817,0.018701374174844416,0.01850803416493752,0.024461863340424134,0.026172921831455025,0.007519506087167664,0.0,0.0,0.0,0.007542112450050965,0.0,0.0,0.0,0.0,0.0,0.0,0.0,0.0,0.0,0.0,0.0,0.0,0.0,0.0,0.0,0.0,0.0,0.0,0.0,0.0,0.0,0.0,0.0077660254775298474,0.008070236226195432,0.011159261724793453,0.007542112450050965,0.006971763244854,0.014837481594382534,0.021228239564518362,0.018876426483272882,0.014698324792031434,0.018701374174844416,0.01508422490010193,0.024957990579950913,0.02430282224080061,0.016584171915359085,0.018678767811961115,0.0,0.007542112450050965,0.0,0.0,0.0,0.0,0.0,0.0,0.0,0.0,0.0,0.0,0.0,0.0,0.0,0.0,0.0,0.0,0.0,0.0,0.0,0.0,0.0,0.0,0.0,0.0,0.0,0.008070236226195432,0.0,0.0,0.007348772440144069,0.010805952369615679,0.01791239846750526,0.01503517247627299,0.010889266039092373,0.01850803416493752,0.024957990579950913,0.027480443017142524,0.024133360308136856,0.015469182995186865,0.018572818514560302,0.013740221508571262,0.0,0.007348772440144069,0.0,0.007348772440144069,0.007348772440144069,0.007348772440144069,0.007867638744726116,0.0,0.0,0.0,0.0,0.0,0.0,0.0,0.0,0.0,0.0,0.0,0.0,0.0,0.0,0.0,0.0,0.0,0.0,0.0,0.008070236226195432,0.007632832290712968,0.009398432586529679,0.006971763244854,0.014277439043892323,0.014141584923220575,0.011334314033221916,0.023730910046943714,0.024461863340424134,0.02430282224080061,0.024133360308136856,0.0,0.0,0.014501575986728419,0.0069820698995607545,0.007340909745355253,0.0,0.0,0.0069820698995607545,0.0069820698995607545,0.0069820698995607545,0.0069820698995607545,0.0,0.0,0.0069820698995607545,0.0,0.0,0.0,0.0,0.0,0.0,0.0,0.0,0.0,0.0,0.0,0.0,0.0,0.0,0.0,0.0,0.0,0.0,0.0,0.0,0.010805952369615679,0.018684036582403987,0.007686400036128921,0.007156212341980469,0.026172921831455025,0.016584171915359085,0.015469182995186865,0.0,0.016240821110085592,0.007519506087167664,0.008120410555042796,0.007340909745355253,0.0,0.0,0.007751696168462892,0.0,0.0,0.0,0.0,0.0,0.0,0.0,0.0,0.0,0.0,0.0,0.0,0.0,0.0,0.0,0.0,0.0,0.0,0.0,0.0,0.0,0.0,0.0,0.0,0.009398432586529679,0.0,0.0,0.018083132114528853,0.007686400036128921,0.0,0.007519506087167664,0.018678767811961115,0.018572818514560302,0.014501575986728419,0.007519506087167664,0.015039012174335328,0.007519506087167664,0.007340909745355253,0.0,0.010713423363492298,0.0,0.0,0.007519506087167664,0.0,0.007519506087167664,0.0,0.0,0.0,0.0,0.0,0.0,0.0,0.0,0.0,0.0,0.0,0.0,0.0,0.0,0.0,0.0,0.0,0.0,0.0,0.0,0.0,0.0,0.007751696168462892,0.01056362602736119,0.0,0.021542014397512937,0.0,0.0,0.013740221508571262,0.0069820698995607545,0.008120410555042796,0.007519506087167664,0.0,0.0,0.0,0.0,0.0,0.0,0.0,0.007867638744726116,0.0,0.0,0.0,0.0,0.0,0.0,0.0,0.0,0.0,0.0,0.0,0.0,0.0,0.0,0.0,0.0,0.0,0.0,0.0,0.0,0.0,0.0,0.0,0.0,0.0,0.0,0.007156212341980469,0.0,0.007542112450050965,0.0,0.007340909745355253,0.007340909745355253,0.007340909745355253,0.0,0.0,0.0,0.010943427735995747,0.0,0.007340909745355253,0.0,0.0,0.0,0.0,0.0,0.0,0.0,0.0,0.0,0.0,0.0,0.0,0.0,0.0,0.0,0.0,0.0,0.0,0.0,0.0,0.0,0.0,0.0,0.0,0.006971763244854,0.0,0.0,0.007686400036128921,0.007156212341980469,0.0,0.0,0.007348772440144069,0.0,0.0,0.0,0.0,0.0,0.0,0.0,0.0,0.005563266134260156,0.007867638744726116,0.0,0.0,0.0,0.005563266134260156,0.0,0.0,0.0,0.0,0.0,0.0,0.0,0.0,0.0,0.0,0.0,0.0,0.0,0.0,0.0,0.0,0.0,0.0,0.0,0.0,0.0,0.0,0.0,0.0,0.007542112450050965,0.0,0.0,0.0,0.0,0.010713423363492298,0.0,0.010943427735995747,0.0,0.021426846726984597,0.0,0.0,0.0,0.0,0.0,0.005563266134260156,0.0,0.0,0.0,0.0,0.0,0.0,0.0,0.0,0.0,0.0,0.0,0.0,0.0,0.0,0.0,0.0,0.0,0.0,0.0,0.0,0.0,0.0,0.007159515023659821,0.0,0.0,0.0,0.0,0.007348772440144069,0.0069820698995607545,0.007751696168462892,0.0,0.0,0.0,0.0,0.0,0.0,0.007751696168462892,0.0,0.0,0.0,0.007751696168462892,0.0,0.0,0.0,0.0,0.0,0.0,0.0,0.0,0.0,0.0,0.0,0.0,0.0,0.0,0.0,0.0,0.0,0.0,0.0,0.0,0.0,0.0,0.0,0.0,0.0,0.0,0.0,0.007348772440144069,0.0069820698995607545,0.0,0.0,0.0,0.007340909745355253,0.005563266134260156,0.0,0.007751696168462892,0.0,0.0,0.0,0.0,0.0,0.0,0.0,0.0,0.0,0.0,0.0,0.0,0.0,0.0,0.0,0.0,0.0,0.0,0.0,0.0,0.0,0.0,0.0,0.0,0.0,0.0,0.0,0.0,0.0,0.0,0.0,0.0,0.007348772440144069,0.0069820698995607545,0.0,0.007519506087167664,0.0,0.0,0.007867638744726116,0.0,0.0,0.0,0.0,0.007867638744726116,0.0,0.0,0.0,0.0,0.0,0.0,0.0,0.0,0.0,0.0,0.0,0.0,0.0,0.0,0.0,0.0,0.0,0.0,0.0,0.0,0.0,0.0,0.0,0.0,0.0,0.0,0.0,0.0,0.0,0.007867638744726116,0.0069820698995607545,0.0,0.0,0.007867638744726116,0.0,0.0,0.0,0.0,0.0,0.007867638744726116,0.0,0.0,0.0,0.0,0.0,0.0,0.0,0.0,0.0,0.0,0.0,0.0,0.0,0.0,0.0,0.0,0.0,0.0,0.0,0.0,0.0,0.0,0.0,0.0,0.0,0.0,0.0,0.0,0.0,0.0,0.0,0.0,0.0,0.007519506087167664,0.0,0.0,0.0,0.0,0.0,0.0,0.0,0.0,0.0,0.0,0.0,0.0,0.0,0.0,0.0,0.0,0.0,0.0,0.0,0.0,0.0,0.0,0.0,0.0,0.0,0.0,0.0,0.0,0.0,0.0,0.0,0.0,0.0,0.0,0.007156212341980469,0.0,0.0,0.0,0.0,0.0,0.0,0.0,0.0,0.0,0.005563266134260156,0.007751696168462892,0.0,0.0,0.0,0.0,0.0,0.0,0.0,0.0,0.0,0.0,0.0,0.0,0.0,0.0,0.0,0.0,0.0,0.0,0.0,0.0,0.0,0.0,0.0,0.0,0.0,0.0,0.0,0.0,0.0,0.0,0.0,0.0,0.0,0.0069820698995607545,0.0,0.0,0.0,0.0,0.005563266134260156,0.0,0.0,0.0,0.0,0.0,0.0,0.0,0.0,0.0,0.0,0.0,0.0,0.0,0.0,0.0,0.005563266134260156,0.0,0.0,0.0,0.0,0.0,0.0,0.0,0.0,0.0,0.0,0.0,0.0,0.0,0.0,0.0,0.0,0.0,0.0,0.0,0.0,0.0,0.0,0.0,0.0,0.0,0.0,0.0,0.0,0.0,0.0,0.0,0.0,0.0,0.0,0.0,0.0,0.0,0.0,0.0,0.0,0.0,0.0,0.0,0.0,0.0,0.0,0.0,0.0,0.0,0.0,0.0,0.0,0.0,0.0,0.0,0.0,0.0,0.0,0.0,0.0,0.0,0.0,0.0,0.0,0.0,0.0,0.0,0.0,0.0,0.0,0.0,0.0,0.0,0.0,0.0,0.0,0.0,0.0,0.0,0.0,0.0,0.0,0.0,0.0,0.0,0.0,0.0,0.0,0.0,0.0,0.0,0.0,0.0,0.0,0.0,0.0,0.0,0.0,0.0,0.0,0.0,0.0,0.0,0.0,0.0,0.0,0.0,0.0,0.0,0.0,0.0,0.0,0.0,0.0,0.0,0.0,0.0,0.0,0.0,0.0,0.0,0.0,0.0,0.0,0.0,0.0,0.0,0.0,0.0,0.0,0.0,0.0,0.0,0.0,0.0,0.0,0.0,0.0,0.0,0.0,0.0,0.0,0.0,0.0,0.0,0.0,0.0,0.0,0.0,0.0,0.0,0.0,0.0,0.0,0.0,0.0,0.0,0.0,0.0,0.0,0.0,0.0,0.0,0.0,0.0,0.0,0.0,0.0,0.0,0.0,0.0,0.0,0.0,0.0,0.0,0.0,0.0,0.0,0.0,0.0,0.0,0.0,0.0,0.0,0.0,0.0,0.0,0.0,0.0,0.0,0.0,0.0,0.0,0.0,0.0,0.0,0.0,0.0,0.0,0.0,0.0,0.0,0.0,0.0,0.0,0.0,0.0,0.0,0.0,0.0,0.0,0.0,0.0,0.0,0.0,0.0,0.0,0.0,0.0,0.0,0.0,0.0,0.0,0.0,0.0,0.0,0.0,0.0,0.0,0.0,0.0,0.0,0.0,0.0,0.0,0.0,0.0,0.0,0.0,0.0,0.0,0.0,0.0,0.0,0.0,0.0,0.0,0.0,0.0,0.0,0.0,0.0,0.0,0.0,0.0,0.0,0.0,0.0,0.0,0.0,0.0,0.0,0.0,0.0,0.0,0.0,0.0,0.0,0.0,0.0,0.0,0.0,0.0,0.0,0.0,0.0,0.0,0.0,0.0,0.0,0.0,0.0,0.0,0.0,0.0,0.0,0.0,0.0,0.0,0.0,0.0,0.0,0.0,0.0,0.0,0.0,0.0,0.0,0.0,0.0,0.0,0.0,0.0,0.0,0.0,0.0,0.0,0.0,0.0,0.0,0.0,0.0,0.0,0.0,0.0,0.0,0.0,0.0,0.0,0.005563266134260156,0.0,0.0,0.0,0.0,0.0,0.0,0.0,0.0,0.0,0.0,0.0,0.0,0.0,0.0,0.0,0.0,0.0,0.0,0.0,0.0,0.0,0.0,0.0,0.0,0.0,0.0,0.0,0.0,0.0,0.0,0.0,0.0,0.0,0.0,0.0,0.0,0.0,0.0,0.0,0.0,0.0,0.0,0.0,0.0,0.0,0.0,0.0,0.0,0.0,0.0,0.0,0.0,0.0,0.0,0.0,0.0,0.0,0.0,0.0,0.0,0.0,0.0,0.0,0.0,0.0,0.0,0.0,0.0,0.0,0.0,0.0,0.0,0.0,0.0,0.0,0.0,0.0,0.0,0.0,0.0,0.0,0.0,0.0,0.0,0.0,0.0,0.0,0.0,0.0,0.0,0.0,0.0,0.0,0.0,0.0,0.0,0.0,0.0,0.0,0.0,0.0,0.0,0.0,0.0,0.0,0.0,0.0,0.0,0.0,0.0,0.0,0.0,0.0,0.0,0.0,0.0,0.0,0.0,0.0,0.0,0.0,0.0,0.0,0.0,0.0,0.0,0.0,0.0,0.0,0.0,0.0,0.0,0.0,0.0,0.0,0.0,0.0,0.0,0.0,0.0,0.0,0.0,0.0,0.0,0.0,0.0,0.0,0.0,0.0,0.0,0.0,0.0,0.0,0.0,0.0,0.0,0.0,0.0,0.0,0.0,0.0,0.0,0.0,0.0,0.0,0.0,0.0,0.0,0.0,0.0,0.0,0.0,0.0,0.0,0.0,0.0
0.0,0.00417100464840117,0.0,0.0,0.0,0.0,0.0,0.0,0.0,0.0,0.0,0.0,0.0,0.0,0.0,0.0,0.0,0.0,0.0,0.0,0.0,0.0,0.0,0.0,0.0,0.0,0.0,0.0,0.0,0.0,0.0,0.0,0.0,0.0,0.0,0.0,0.0,0.0,0.0,0.0,0.0,0.00417100464840117,0.0,0.0,0.0,0.0,0.005179687490602905,0.0,0.0,0.0,0.0,0.0,0.0,0.0,0.0,0.0,0.0,0.0,0.0,0.0,0.0,0.0,0.0,0.0,0.0,0.0,0.0,0.0,0.0,0.0,0.0,0.0,0.0,0.0,0.0,0.0,0.0,0.0,0.0,0.0,0.0,0.0,0.0,0.0,0.0,0.005568141969290028,0.008033274891676512,0.0,0.0,0.0,0.0,0.0,0.008033274891676512,0.0,0.0,0.0,0.0,0.0,0.0,0.0,0.0,0.0,0.0,0.0,0.0,0.0,0.0,0.0,0.0,0.0,0.0,0.0,0.0,0.0,0.0,0.0,0.0,0.0,0.0,0.0,0.0,0.0,0.0,0.0,0.0,0.005568141969290028,0.0,0.0,0.0,0.02007588298413781,0.01049716870449599,0.008314371284404935,0.010909261873367788,0.0,0.0,0.0,0.010650963752111758,0.0,0.0,0.0,0.0,0.0,0.0,0.0,0.0,0.0,0.0,0.0,0.0,0.0,0.0,0.0,0.0,0.0,0.0,0.0,0.0,0.0,0.0,0.0,0.0,0.0,0.0,0.0,0.0,0.0,0.008033274891676512,0.0,0.014672053035930381,0.00974705116210335,0.012574103768334975,0.013308177846038013,0.019067315098336507,0.0,0.010821815780020748,0.0,0.0,0.0,0.0073360265179651905,0.0073360265179651905,0.0,0.0,0.0,0.0,0.0,0.0,0.0,0.0,0.0,0.0,0.0,0.0,0.0,0.0,0.0,0.0,0.0,0.0,0.0,0.0,0.0,0.0,0.0,0.0,0.0,0.0,0.005179687490602905,0.0,0.0,0.00974705116210335,0.015411851062793257,0.015445670178808785,0.01906426512772158,0.013265421055306606,0.016768654777190747,0.01079076757760342,0.005179687490602905,0.005179687490602905,0.00508282178282173,0.005179687490602905,0.0,0.0,0.0,0.0,0.0,0.005179687490602905,0.0,0.0,0.0,0.0,0.0,0.0,0.0,0.0,0.0,0.0,0.0,0.0,0.0,0.0,0.0,0.0,0.0,0.0,0.0,0.0,0.0,0.0,0.0,0.02007588298413781,0.012574103768334975,0.015445670178808785,0.029084797799729355,0.02033813499067675,0.020101894423774656,0.017597037548344557,0.01812388836232703,0.010392320694012271,0.013026938634448612,0.0127847194402072,0.012947739613785694,0.0,0.0,0.0,0.0,0.0,0.0,0.0,0.0,0.0,0.0,0.0,0.0,0.0,0.0,0.0,0.0,0.0,0.0,0.0,0.0,0.0,0.0,0.0,0.0,0.0,0.0,0.0,0.0,0.0,0.01049716870449599,0.013308177846038013,0.01906426512772158,0.02033813499067675,0.017643294339215337,0.03039740607725698,0.02198183007390251,0.02149442144480495,0.022671301296439995,0.011259345315109278,0.00508282178282173,0.005207994966373537,0.005261306180379876,0.008821647169607668,0.0,0.005972151328072823,0.0,0.0,0.0,0.0,0.0,0.0,0.0,0.0,0.0,0.0,0.0,0.0,0.0,0.0,0.0,0.0,0.0,0.0,0.0,0.0,0.0,0.0,0.0,0.0,0.0,0.008314371284404935,0.019067315098336507,0.013265421055306606,0.020101894423774656,0.03039740607725698,0.011118991047819956,0.013396912461406268,0.022137539132779466,0.010713738967552462,0.015420871117342815,0.015792141508153175,0.015962689152375514,0.005261306180379876,0.00824549931831576,0.005559495523909978,0.00663430918311642,0.0,0.0,0.0,0.0,0.0,0.0,0.0,0.0,0.0,0.0,0.0,0.0,0.0,0.0,0.0,0.0,0.0,0.0,0.0,0.0,0.0,0.0,0.0,0.0,0.0,0.010909261873367788,0.0,0.016768654777190747,0.017597037548344557,0.02198183007390251,0.013396912461406268,0.019688612322012668,0.032621251764201664,0.02117262404311119,0.019407044345380403,0.01667178906940957,0.013160182904294843,0.01510561234138621,0.00534111990407776,0.0,0.0,0.0,0.0,0.00534111990407776,0.0,0.0,0.00534111990407776,0.0,0.0,0.0,0.0,0.0,0.0,0.0,0.0,0.0,0.0,0.0,0.0,0.0,0.0,0.0,0.0,0.0,0.0,0.008033274891676512,0.0,0.010821815780020748,0.01079076757760342,0.01812388836232703,0.02149442144480495,0.022137539132779466,0.032621251764201664,0.02446363233096655,0.015538387158557359,0.01163747484857175,0.017314637948305005,0.013464246612297438,0.013413960249807837,0.005611080087000515,0.011557688178772351,0.0,0.016079063733285333,0.0,0.0,0.0,0.0,0.0,0.0,0.0,0.0,0.0,0.0,0.0,0.0,0.0,0.0,0.0,0.0,0.0,0.0,0.0,0.0,0.0,0.0,0.0,0.0,0.0,0.0,0.005179687490602905,0.010392320694012271,0.022671301296439995,0.010713738967552462,0.02117262404311119,0.015538387158557359,0.02571356745340217,0.012892286760743898,0.0204034259165385,0.012871433277702238,0.012957123606449805,0.01628961216388803,0.009583656756523347,0.009583656756523347,0.005154243443642485,0.005154243443642485,0.0,0.005154243443642485,0.0,0.0,0.0,0.0,0.0,0.0,0.0,0.0,0.0,0.0,0.0,0.0,0.0,0.0,0.0,0.0,0.0,0.0,0.0,0.0,0.0,0.0,0.0,0.005179687490602905,0.013026938634448612,0.011259345315109278,0.015420871117342815,0.019407044345380403,0.01163747484857175,0.012892286760743898,0.019722751186865676,0.017408017783270252,0.01679418993636814,0.02105196560406705,0.005287193987036455,0.00781807705879256,0.0,0.00781807705879256,0.009049356011790657,0.01163747484857175,0.0,0.0,0.0,0.0,0.0,0.0,0.0,0.0,0.0,0.0,0.0,0.0,0.0,0.0,0.0,0.0,0.0,0.0,0.0,0.0,0.0,0.0,0.010650963752111758,0.0,0.00508282178282173,0.0127847194402072,0.00508282178282173,0.015792141508153175,0.01667178906940957,0.017314637948305005,0.0204034259165385,0.017408017783270252,0.015093284379674828,0.017291575564842298,0.015349522352644734,0.01695598838878764,0.013937055108022962,0.00663430918311642,0.00508282178282173,0.00508282178282173,0.010588267643041022,0.0,0.0,0.0,0.0,0.0,0.0,0.0,0.0,0.0,0.0,0.0,0.0,0.0,0.0,0.0,0.0,0.0,0.0,0.0,0.0,0.0,0.0,0.0,0.0073360265179651905,0.005179687490602905,0.012947739613785694,0.005207994966373537,0.015962689152375514,0.013160182904294843,0.013464246612297438,0.012871433277702238,0.01679418993636814,0.017291575564842298,0.02301399189866337,0.007717189834059752,0.014617341165323764,0.005207994966373537,0.005207994966373537,0.007717189834059752,0.011298820518253254,0.0,0.0,0.0,0.0,0.0,0.005207994966373537,0.0,0.0,0.0,0.0,0.0,0.0,0.0,0.0,0.0,0.0,0.0,0.0,0.0,0.0,0.0,0.0,0.0,0.0,0.0073360265179651905,0.0,0.0,0.005261306180379876,0.005261306180379876,0.01510561234138621,0.013413960249807837,0.012957123606449805,0.02105196560406705,0.015349522352644734,0.007717189834059752,0.015605760325614641,0.010244889723628501,0.005946608091771835,0.01763854574555884,0.010956226198750335,0.005261306180379876,0.005261306180379876,0.005812258973328575,0.0,0.005261306180379876,0.005261306180379876,0.0,0.0,0.0,0.005261306180379876,0.0,0.0,0.0,0.0,0.0,0.0,0.0,0.0,0.0,0.0,0.0,0.0,0.0,0.0,0.0,0.0,0.0,0.0,0.008821647169607668,0.00824549931831576,0.00534111990407776,0.005611080087000515,0.01628961216388803,0.005287193987036455,0.01695598838878764,0.014617341165323764,0.010244889723628501,0.018818692397900454,0.013837816868449856,0.0049835835432486255,0.007429722065779426,0.0049835835432486255,0.0049835835432486255,0.0,0.0,0.010795842516577201,0.01332841018118397,0.0,0.0,0.0,0.0,0.0,0.0,0.0,0.0,0.0,0.0,0.0,0.0,0.0,0.0,0.0,0.0,0.0,0.0,0.0,0.0,0.0,0.0,0.0,0.005559495523909978,0.0,0.011557688178772351,0.009583656756523347,0.00781807705879256,0.013937055108022962,0.005207994966373537,0.005946608091771835,0.013837816868449856,0.01189321618354367,0.012580917274888255,0.011155085748604946,0.005946608091771835,0.008209049048324594,0.0,0.0,0.005812258973328575,0.0,0.0,0.0,0.0,0.0,0.0,0.0,0.0,0.0,0.0,0.0,0.0,0.0,0.0,0.0,0.0,0.0,0.0,0.0,0.0,0.0,0.0,0.0,0.005972151328072823,0.00663430918311642,0.0,0.0,0.009583656756523347,0.0,0.00663430918311642,0.005207994966373537,0.01763854574555884,0.0049835835432486255,0.012580917274888255,0.01326861836623284,0.005694920018370459,0.018885021594542174,0.012139755043335712,0.012446568156444994,0.0,0.0,0.0,0.0,0.0,0.0,0.0,0.0,0.0,0.0,0.0,0.0,0.0,0.0,0.0,0.0,0.0,0.0,0.0,0.0,0.0,0.0,0.0,0.0,0.0,0.0,0.0,0.0,0.016079063733285333,0.005154243443642485,0.00781807705879256,0.00508282178282173,0.007717189834059752,0.010956226198750335,0.007429722065779426,0.011155085748604946,0.005694920018370459,0.0,0.0,0.0,0.0,0.005694920018370459,0.0,0.0,0.0,0.0,0.005898688115404543,0.0,0.0,0.0,0.0,0.0,0.0,0.0,0.0,0.0,0.0,0.0,0.0,0.0,0.0,0.0,0.0,0.0,0.005179687490602905,0.0,0.0,0.0,0.0,0.0,0.005154243443642485,0.009049356011790657,0.00508282178282173,0.011298820518253254,0.005261306180379876,0.0049835835432486255,0.005946608091771835,0.018885021594542174,0.0,0.0,0.0,0.0,0.014424086016308024,0.0,0.0,0.0,0.0,0.0,0.0,0.0,0.006090825551879717,0.0,0.0,0.0,0.0,0.0,0.0,0.0,0.0,0.0,0.0,0.0,0.0,0.0,0.0,0.0,0.0,0.0,0.0,0.00534111990407776,0.0,0.0,0.01163747484857175,0.010588267643041022,0.0,0.005261306180379876,0.0049835835432486255,0.008209049048324594,0.012139755043335712,0.0,0.0,0.0,0.0,0.008333260464428307,0.0,0.0,0.0,0.005505445860219293,0.005505445860219293,0.0,0.0,0.0,0.0,0.0,0.0,0.0,0.0,0.0,0.0,0.0,0.0,0.0,0.0,0.0,0.0,0.0,0.0,0.0,0.0,0.0,0.0,0.0,0.005154243443642485,0.0,0.0,0.0,0.005812258973328575,0.0,0.0,0.012446568156444994,0.0,0.0,0.0,0.0,0.0,0.005812258973328575,0.0,0.0,0.0,0.005812258973328575,0.0,0.0,0.0,0.0,0.0,0.0,0.0,0.0,0.0,0.0,0.0,0.0,0.0,0.0,0.0,0.0,0.0,0.0,0.0,0.0,0.0,0.0,0.0,0.0,0.0,0.0,0.0,0.0,0.0,0.0,0.0,0.005694920018370459,0.014424086016308024,0.008333260464428307,0.0,0.0,0.0,0.005898688115404543,0.0,0.0,0.005898688115404543,0.0,0.0,0.0,0.0,0.0,0.0,0.0,0.0,0.0,0.0,0.0,0.0,0.0,0.0,0.0,0.0,0.0,0.0,0.0,0.0,0.0,0.00534111990407776,0.0,0.0,0.0,0.0,0.0,0.005261306180379876,0.010795842516577201,0.005812258973328575,0.0,0.0,0.0,0.0,0.005812258973328575,0.0,0.0,0.0,0.0,0.005898688115404543,0.0,0.0,0.0,0.0,0.0,0.0,0.0,0.0,0.0,0.0,0.0,0.0,0.0,0.0,0.0,0.0,0.0,0.0,0.0,0.0,0.0,0.0,0.0,0.0,0.0,0.0,0.0,0.0,0.005261306180379876,0.01332841018118397,0.0,0.0,0.0,0.0,0.0,0.0,0.005898688115404543,0.0,0.0,0.00417100464840117,0.005898688115404543,0.0,0.0,0.0,0.0,0.0,0.0,0.0,0.0,0.00417100464840117,0.0,0.0,0.0,0.0,0.0,0.0,0.0,0.0,0.0,0.0,0.0,0.0,0.0,0.0,0.0,0.0,0.0,0.0,0.005207994966373537,0.0,0.0,0.0,0.0,0.0,0.0,0.0,0.0,0.0,0.0,0.00417100464840117,0.0,0.0,0.0,0.0,0.0,0.0,0.0,0.0,0.0,0.0,0.0,0.0,0.0,0.0,0.0,0.0,0.0,0.0,0.0,0.0,0.0,0.0,0.0,0.0,0.0,0.0,0.0,0.0,0.0,0.0,0.0,0.0,0.0,0.0,0.0,0.0,0.005505445860219293,0.0,0.0,0.005898688115404543,0.005898688115404543,0.0,0.0,0.0,0.0,0.0,0.0,0.0,0.0,0.0,0.0,0.0,0.0,0.0,0.0,0.0,0.0,0.0,0.0,0.0,0.0,0.0,0.0,0.0,0.0,0.0,0.0,0.0,0.0,0.0,0.0,0.0,0.0,0.0,0.0,0.005898688115404543,0.0,0.005505445860219293,0.005812258973328575,0.005898688115404543,0.0,0.0,0.0,0.0,0.0,0.0,0.0,0.0,0.0,0.0,0.0,0.0,0.0,0.0,0.0,0.0,0.0,0.0,0.0,0.0,0.0,0.0,0.0,0.0,0.0,0.0,0.0,0.0,0.0,0.0,0.0,0.0,0.005261306180379876,0.0,0.0,0.0,0.0,0.0,0.0,0.0,0.0,0.0,0.0,0.0,0.0,0.0,0.0,0.0,0.0,0.0,0.0,0.0,0.0,0.0,0.0,0.0,0.0,0.0,0.0,0.0,0.0,0.0,0.0,0.0,0.0,0.0,0.0,0.0,0.0,0.0,0.0,0.0,0.0,0.0,0.0,0.0,0.0,0.0,0.0,0.0,0.0,0.0,0.0,0.0,0.0,0.0,0.0,0.0,0.0,0.0,0.0,0.0,0.0,0.0,0.0,0.0,0.0,0.0,0.0,0.0,0.0,0.0,0.0,0.0,0.0,0.0,0.0,0.0,0.0,0.0,0.0,0.0,0.0,0.0,0.0,0.0,0.0,0.0,0.0,0.006090825551879717,0.0,0.0,0.0,0.0,0.0,0.0,0.0,0.0,0.0,0.0,0.0,0.0,0.0,0.0,0.0,0.0,0.0,0.0,0.0,0.0,0.0,0.0,0.0,0.0,0.0,0.0,0.0,0.0,0.0,0.0,0.0,0.0,0.0,0.0,0.0,0.0,0.0,0.0,0.0,0.0,0.0,0.0,0.0,0.0,0.0,0.0,0.0,0.0,0.0,0.0,0.0,0.0,0.0,0.0,0.0,0.0,0.0,0.0,0.0,0.0,0.0,0.0,0.0,0.0,0.0,0.0,0.0,0.0,0.0,0.0,0.0,0.0,0.0,0.0,0.0,0.0,0.0,0.0,0.0,0.0,0.0,0.0,0.0,0.0,0.0,0.0,0.0,0.0,0.0,0.0,0.0,0.0,0.0,0.0,0.0,0.0,0.0,0.0,0.0,0.0,0.0,0.0,0.0,0.0,0.0,0.0,0.0,0.0,0.0,0.0,0.0,0.0,0.0,0.0,0.0,0.0,0.0,0.0,0.0,0.0,0.0,0.0,0.0,0.0,0.0,0.0,0.0,0.0,0.0,0.0,0.0,0.0,0.0,0.0,0.0,0.0,0.0,0.0,0.0,0.0,0.0,0.0,0.0,0.0,0.0,0.0,0.0,0.0,0.0,0.0,0.0,0.0,0.0,0.0,0.0,0.0,0.0,0.0,0.0,0.0,0.0,0.0,0.0,0.0,0.0,0.0,0.0,0.0,0.0,0.0,0.0,0.0,0.0,0.0,0.0,0.0,0.0,0.0,0.0,0.0,0.0,0.0,0.0,0.0,0.0,0.0,0.0,0.0,0.0,0.0,0.0,0.0,0.0,0.0,0.0,0.0,0.0,0.0,0.0,0.0,0.0,0.0,0.0,0.0,0.0,0.0,0.0,0.0,0.0,0.00417100464840117,0.0,0.0,0.0,0.0,0.0,0.0,0.0,0.0,0.0,0.0,0.0,0.0,0.0,0.0,0.0,0.0,0.0,0.0,0.0,0.0,0.0,0.0,0.0,0.0,0.0,0.0,0.0,0.0,0.0,0.0,0.0,0.0,0.0,0.0,0.0,0.0,0.0,0.0,0.0,0.0,0.0,0.0,0.0,0.0,0.0,0.0,0.0,0.0,0.0,0.0,0.0,0.0,0.0,0.0,0.0,0.0,0.0,0.0,0.0,0.0,0.0,0.0,0.0,0.0,0.0,0.0,0.0,0.0,0.0,0.0,0.0,0.0,0.0,0.0,0.0,0.0,0.0,0.0,0.0,0.0,0.0,0.0,0.0,0.0,0.0,0.0,0.0,0.0,0.0,0.0,0.0,0.0,0.0,0.0,0.0,0.0,0.0,0.0,0.0,0.0,0.0,0.0,0.0,0.0,0.0,0.0,0.0,0.0,0.0,0.0,0.0,0.0,0.0,0.0,0.0,0.0,0.0,0.0,0.0,0.0,0.0,0.0,0.0,0.0,0.0,0.0,0.0,0.0,0.0,0.0,0.0,0.0,0.0,0.0,0.0,0.0,0.0,0.0,0.0,0.0,0.0,0.0,0.0,0.0,0.0,0.0,0.0,0.0,0.0,0.0,0.0,0.0,0.0,0.0,0.0,0.0,0.0,0.0,0.0,0.0,0.0,0.0,0.0,0.0,0.0,0.0,0.0,0.0,0.0,0.0,0.0,0.0,0.0,0.0,0.0,0.0,0.0,0.0,0.0
