0.0,0.0,0.0,0.0,0.0,0.0,0.0,0.0,0.0,0.0,0.0,0.0,0.0,0.0,0.0,0.0,0.0,0.0,0.0,0.0,0.0,0.0,0.0,0.0,0.0,0.0,0.0,0.0,0.0,0.0,0.0,0.0,0.0,0.0,0.0,0.0,0.0,0.0,0.0,0.0,0.0,0.0,0.0,0.0,0.0,0.0,0.0,0.0084745762711864,0.0,0.0,0.0,0.0,0.0,0.0,0.0,0.0,0.0,0.0,0.0,0.0,0.0,0.0,0.0,0.0,0.0,0.0,0.0,0.0,0.0,0.0,0.0,0.0,0.0,0.0,0.0,0.0,0.0,0.0,0.0,0.0,0.0,0.0,0.0,0.0,0.0,0.005649717514124267,0.0,0.0,0.0028248587570621334,0.0003896356906292731,0.0001948178453146424,0.003193318594939817,0.0028248587570621334,0.0,0.0,0.0,0.0,0.0,0.0,0.0,0.0,0.0,0.0,0.0,0.0,0.0,0.0,0.0,0.0,0.0,0.0,0.0,0.0,0.0,0.0,0.0,0.0,0.0,0.0,0.0,0.0,0.0,0.0,0.0,0.0,0.005649717514124267,0.0,0.0026365348399246657,0.012168622338113846,0.003954802259887,0.0007403078121955937,0.0,0.0,0.0,0.0,0.0,0.0,0.003954802259887,0.0,0.0,0.0,0.0,0.0,0.0,0.0,0.0,0.0,0.0,0.0,0.0,0.0,0.0,0.0,0.0,0.0,0.0,0.0,0.0,0.0,0.0,0.0,0.0,0.0,0.0,0.0,0.0,0.0,0.0026365348399246657,0.0,0.0027886426191510902,0.007909604519774,0.0032144944476914065,0.006039353204753552,0.003398018504871849,0.003295668549905833,0.0029960623180962155,0.0,0.0,0.0,0.0,0.0,0.0,0.0,0.0,0.0,0.0,0.0,0.0,0.0,0.0,0.0,0.0,0.0,0.0,0.0,0.0,0.0,0.0,0.0,0.0,0.0,0.0,0.0,0.0,0.0,0.0,0.0,0.0,0.012168622338113846,0.0027886426191510902,0.0,0.0030421555845284616,0.0035591721740172964,0.003019676602376776,0.0,0.006084311169056923,0.0029960623180962155,0.0,0.007388092133854846,0.0,0.0,0.0,0.0,0.0,0.0,0.0,0.0,0.0,0.0,0.0,0.0,0.0,0.0,0.0,0.0,0.0,0.0,0.0,0.0,0.0,0.0,0.0,0.0,0.0,0.0,0.0,0.0,0.0084745762711864,0.0028248587570621334,0.003954802259887,0.007909604519774,0.0030421555845284616,0.0,0.002474186635495813,0.004169101889733103,0.003193318594939817,0.0,0.0020373223763054307,0.0010357815442561171,0.003694046066927423,0.0,0.0,0.0,0.0,0.0,0.0,0.0,0.0,0.0,0.0,0.0,0.0,0.0,0.0,0.0,0.0,0.0,0.0,0.0,0.0,0.0,0.0,0.0,0.0,0.0,0.0,0.0,0.0,0.0,0.0003896356906292731,0.0007403078121955937,0.0032144944476914065,0.0035591721740172964,0.002474186635495813,0.0,0.00964348334307422,0.006471340600885992,0.0008523280732515015,0.014761879460885887,0.0032144944476914065,0.004653149305399456,0.0032005788873117895,0.0032144944476914065,0.0,0.0028248587570621417,0.0,0.0,0.0,0.0,0.0,0.0,0.0,0.0,0.0,0.0,0.0,0.0,0.0,0.0,0.0,0.0,0.0,0.0,0.0,0.0,0.0,0.0,0.0,0.0,0.0,0.0001948178453146424,0.0,0.006039353204753552,0.003019676602376776,0.004169101889733103,0.00964348334307422,0.0,0.003714244572628941,0.0029283557373855525,0.0030669051709378966,0.003019676602376776,0.004690614275652257,0.003019676602376776,0.0,0.0,0.0,0.0001948178453146424,0.0,0.0,0.0,0.0,0.0,0.0,0.0,0.0,0.0,0.0,0.0,0.0,0.0,0.0,0.0,0.0,0.0,0.0,0.0,0.0,0.0,0.0,0.0,0.0,0.003193318594939817,0.0,0.003398018504871849,0.0,0.003193318594939817,0.006471340600885992,0.003714244572628941,0.0,0.005043294030950631,0.005992124636192431,0.01404650781953655,0.002692591122952211,3.5091413131206443e-05,0.003193318594939817,0.0,0.0028248587570621417,0.0028248587570621334,0.0,0.0,0.0,0.0,0.0,0.0,0.0,0.0,0.0,0.0,0.0,0.0,0.0,0.0,0.0,0.0,0.0,0.0,0.0,0.0,0.0,0.0,0.0,0.0,0.0028248587570621334,0.0,0.003295668549905833,0.006084311169056923,0.0,0.0008523280732515015,0.0029283557373855525,0.005043294030950631,0.0,0.00900958739941791,0.008592278719397353,0.009004237288135594,0.0027744148506860388,0.00017655367231638516,0.005649717514124294,0.0,0.0028248587570621334,0.0,0.0,0.0,0.0,0.0,0.0,0.0,0.0,0.0,0.0,0.0,0.0,0.0,0.0,0.0,0.0,0.0,0.0,0.0,0.0,0.0,0.0,0.0,0.0,0.0,0.0,0.0029960623180962155,0.0029960623180962155,0.0020373223763054307,0.014761879460885887,0.0030669051709378966,0.005992124636192431,0.00900958739941791,0.0,0.0002311248073959965,0.005294140887361224,0.0034607576980458317,0.002482451634994008,0.005649717514124294,0.0029960623180962155,0.0,0.0,0.0,0.0,0.0029960623180962155,0.0,0.0,0.0,0.0,0.0,0.0,0.0,0.0,0.0,0.0,0.0,0.0,0.0,0.0,0.0,0.0,0.0,0.0,0.0,0.0,0.0,0.0,0.0,0.0,0.0010357815442561171,0.0032144944476914065,0.003019676602376776,0.01404650781953655,0.008592278719397353,0.0002311248073959965,0.0,0.003694046066927423,0.002300242130750603,0.005838041431261766,0.00847457627118644,0.005932203389830509,0.005838041431261766,0.0,0.0,0.00282485875706214,0.0,0.0,0.0,0.0,0.0,0.0,0.0,0.0,0.0,0.0,0.0,0.0,0.0,0.0,0.0,0.0,0.0,0.0,0.0,0.0,0.0,0.0,0.0,0.0,0.007388092133854846,0.003694046066927423,0.004653149305399456,0.004690614275652257,0.002692591122952211,0.009004237288135594,0.005294140887361224,0.003694046066927423,0.0,0.01937046004842614,0.003694046066927423,0.0019556714471968707,0.0,0.0,0.009685230024213043,0.0,0.00282485875706214,0.0,0.0,0.0,0.0,0.0,0.0,0.0,0.0,0.0,0.0,0.0,0.0,0.0,0.0,0.0,0.0,0.0,0.0,0.0,0.0,0.0,0.0,0.003954802259887,0.0,0.0,0.0,0.0032005788873117895,0.003019676602376776,3.5091413131206443e-05,0.0027744148506860388,0.0034607576980458317,0.002300242130750603,0.01937046004842614,0.0,0.004842615012106537,0.0012106537530266297,0.005649717514124283,0.0028248587570621334,9.540979117872439e-18,0.0028248587570621334,0.0,0.0,0.0,0.0,0.0,0.0,0.0,0.0,0.0,0.0,0.0,0.0,0.0,0.0,0.0,0.0,0.0,0.0,0.0,0.0,0.0,0.0,0.0,0.0,0.0,0.0,0.0,0.0032144944476914065,0.0,0.003193318594939817,0.00017655367231638516,0.002482451634994008,0.005838041431261766,0.003694046066927423,0.004842615012106537,0.0,0.005649717514124294,4.336808689942018e-18,0.0,0.0,0.0,0.00564971751412428,0.0028248587570621,0.002824858757062146,0.0,0.002824858757062146,0.0,0.0,0.0,0.0,0.0,0.0,0.0,0.0,0.0,0.0,0.0,0.0,0.0,0.0,0.0,0.0,0.0,0.0,0.0,0.0,0.0,0.0,0.0,0.0,0.0,0.005649717514124294,0.005649717514124294,0.00847457627118644,0.0019556714471968707,0.0012106537530266297,0.005649717514124294,0.0,0.002824858757062147,0.0,0.00040355125100886716,0.0,0.0,0.0,0.0,0.0,0.0,0.0,0.0,0.0,0.0,0.0,0.0,0.0,0.0,0.0,0.0,0.0,0.0,0.0,0.0,0.0,0.0,0.0,0.0,0.0,0.0,0.0,0.0,0.0028248587570621417,0.0,0.0028248587570621417,0.0,0.0029960623180962155,0.005932203389830509,0.0,0.005649717514124283,4.336808689942018e-18,0.002824858757062147,0.0,0.0,0.0024213075060532693,0.0,0.00282485875706214,0.0,0.0028248587570621,0.0028248587570621417,0.0,0.0,0.0,0.0,0.0,0.0,0.0,0.0,0.0,0.0,0.0,0.0,0.0,0.0,0.0,0.0,0.0,0.0,0.0,0.0,0.0,0.0,0.0,0.0,0.0001948178453146424,0.0028248587570621334,0.0028248587570621334,0.0,0.005838041431261766,0.0,0.0028248587570621334,0.0,0.0,0.0,0.0,0.0028248587570621334,0.0,0.0028248587570621334,0.0,0.0,0.0,0.0,0.0,0.0,0.0,0.0,0.0,0.0,0.0,0.0,0.0,0.0,0.0,0.0,0.0,0.0,0.0,0.0,0.0,0.0,0.0,0.0,0.0,0.0,0.0,0.0,0.0,0.0,0.0,0.0,0.009685230024213043,9.540979117872439e-18,0.0,0.00040355125100886716,0.0024213075060532693,0.0028248587570621334,0.0,0.0,0.0,0.0,0.0,0.0,0.003228410008071014,0.0028248587570621,0.0,0.0,0.0,0.0,0.0,0.0,0.0,0.0,0.0,0.0,0.0,0.0,0.0,0.0,0.0,0.0,0.0,0.0,0.0,0.0,0.0,0.0,0.0,0.0,0.0,0.0,0.0,0.0,0.0028248587570621334,0.0,0.0,0.0,0.0,0.0,0.0,0.005649717514124267,0.0,0.0,0.0056497175141242,0.0,0.0,0.0,0.0,0.0,0.0,0.0,0.0,0.0,0.0,0.0,0.0,0.0,0.0,0.0,0.0,0.0,0.0,0.0,0.0,0.0,0.0,0.0,0.0,0.0,0.0,0.0,0.0,0.00282485875706214,0.00282485875706214,0.0,0.00564971751412428,0.0,0.00282485875706214,0.0028248587570621334,0.0,0.005649717514124267,0.0,0.0,0.0,0.0,0.0,0.0,0.0,0.0,0.0,0.0,0.0,0.0,0.0,0.0,0.0,0.0,0.0,0.0,0.0,0.0,0.0,0.0,0.0,0.0,0.0,0.0,0.0,0.0,0.0,0.0,0.0,0.0029960623180962155,0.0,0.0,0.0,0.0028248587570621,0.0,0.0,0.0,0.0,0.0,0.0,0.0,0.0028248587570621,0.0,0.0,0.0028248587570621,0.0,0.0,0.0,0.0,0.0,0.0,0.0,0.0,0.0,0.0,0.0,0.0,0.0,0.0,0.0,0.0,0.0,0.0,0.0,0.0,0.0,0.0,0.0,0.0,0.0,0.0,0.0,0.0,0.0,0.002824858757062146,0.0,0.0028248587570621,0.0,0.0,0.0,0.0,0.0028248587570621,0.0,0.0,0.0,0.0,0.0,0.0,0.0,0.0,0.0,0.0,0.0,0.0,0.0,0.0,0.0,0.0,0.0,0.0,0.0,0.0,0.0,0.0,0.0,0.0,0.0,0.0,0.0,0.0,0.0,0.0,0.0,0.0,0.0,0.0,0.0,0.0028248587570621417,0.0,0.0,0.0056497175141242,0.0,0.0,0.0,0.0,0.0,0.0,0.0,0.0,0.0,0.0,0.0,0.0,0.0,0.0,0.0,0.0,0.0,0.0,0.0,0.0,0.0,0.0,0.0,0.0,0.0,0.0,0.0,0.0,0.0,0.0,0.0,0.0,0.0,0.0,0.0,0.002824858757062146,0.0,0.0,0.0,0.003228410008071014,0.0,0.0,0.0,0.0,0.0,0.0,0.0,0.0,0.0,0.0,0.0,0.0,0.0,0.0,0.0,0.0,0.0,0.0,0.0,0.0,0.0,0.0,0.0,0.0,0.0,0.0,0.0,0.0,0.0,0.0,0.0,0.0,0.0,0.0,0.0,0.0,0.0,0.0,0.0,0.0,0.0028248587570621,0.0,0.0,0.0028248587570621,0.0,0.0,0.0,0.0,0.0,0.0,0.0,0.0,0.0,0.0,0.0,0.0,0.0,0.0,0.0,0.0,0.0,0.0,0.0,0.0,0.0,0.0,0.0,0.0,0.0,0.0,0.0,0.0,0.0,0.0,0.0,0.0,0.0,0.0,0.0,0.0,0.0,0.0,0.0,0.0,0.0,0.0,0.0,0.0,0.0,0.0,0.0028248587570621,0.0,0.0,0.0,0.0,0.0,0.0,0.0,0.0,0.0,0.0,0.0,0.0,0.0,0.0,0.0,0.0,0.0,0.0,0.0,0.0,0.0,0.0,0.0,0.0,0.0,0.0,0.0,0.0,0.0,0.0,0.0,0.0,0.0,0.0,0.0,0.0,0.0,0.0,0.0,0.0028248587570621,0.0,0.0,0.0,0.0,0.0,0.0,0.0,0.0,0.0,0.0,0.0,0.0,0.0,0.0,0.0,0.0,0.0,0.0,0.0,0.0,0.0,0.0,0.0,0.0,0.0,0.0,0.0,0.0,0.0,0.0,0.0,0.0,0.0,0.0,0.0,0.0,0.0,0.0,0.0,0.0,0.0,0.0,0.0,0.0,0.0,0.0,0.0,0.0,0.0,0.0,0.0,0.0,0.0,0.0,0.0,0.0,0.0,0.0,0.0,0.0,0.0,0.0,0.0,0.0,0.0,0.0,0.0,0.0,0.0,0.0,0.0,0.0,0.0,0.0,0.0,0.0,0.0,0.0,0.0,0.0,0.0,0.0,0.0,0.0,0.0,0.0,0.0,0.0,0.0,0.0,0.0,0.0,0.0,0.0,0.0,0.0,0.0,0.0,0.0,0.0,0.0,0.0,0.0,0.0,0.0,0.0,0.0,0.0,0.0,0.0,0.0,0.0,0.0,0.0,0.0,0.0,0.0,0.0,0.0,0.0,0.0,0.0,0.0,0.0,0.0,0.0,0.0,0.0,0.0,0.0,0.0,0.0,0.0,0.0,0.0,0.0,0.0,0.0,0.0,0.0,0.0,0.0,0.0,0.0,0.0,0.0,0.0,0.0,0.0,0.0,0.0,0.0,0.0,0.0,0.0,0.0,0.0,0.0,0.0,0.0,0.0,0.0,0.0,0.0,0.0,0.0,0.0,0.0,0.0,0.0,0.0,0.0,0.0,0.0,0.0,0.0,0.0,0.0,0.0,0.0,0.0,0.0,0.0,0.0,0.0,0.0,0.0,0.0,0.0,0.0,0.0,0.0,0.0,0.0,0.0,0.0,0.0,0.0,0.0,0.0,0.0,0.0,0.0,0.0,0.0,0.0,0.0,0.0,0.0,0.0,0.0,0.0,0.0,0.0,0.0,0.0,0.0,0.0,0.0,0.0,0.0,0.0,0.0,0.0,0.0,0.0,0.0,0.0,0.0,0.0,0.0,0.0,0.0,0.0,0.0,0.0,0.0,0.0,0.0,0.0,0.0,0.0,0.0,0.0,0.0,0.0,0.0,0.0,0.0,0.0,0.0,0.0,0.0,0.0,0.0,0.0,0.0,0.0,0.0,0.0,0.0,0.0,0.0,0.0,0.0,0.0,0.0,0.0,0.0,0.0,0.0,0.0,0.0,0.0,0.0,0.0,0.0,0.0,0.0,0.0,0.0,0.0,0.0,0.0,0.0,0.0,0.0,0.0,0.0,0.0,0.0,0.0,0.0,0.0,0.0,0.0,0.0,0.0,0.0,0.0,0.0,0.0,0.0,0.0,0.0,0.0,0.0,0.0,0.0,0.0,0.0,0.0,0.0,0.0,0.0,0.0,0.0,0.0,0.0,0.0,0.0,0.0,0.0,0.0,0.0,0.0,0.0,0.0,0.0,0.0,0.0,0.0,0.0,0.0,0.0,0.0,0.0,0.0,0.0,0.0,0.0,0.0,0.0,0.0,0.0,0.0,0.0,0.0,0.0,0.0,0.0,0.0,0.0,0.0,0.0,0.0,0.0,0.0,0.0,0.0,0.0,0.0,0.0,0.0,0.0,0.0,0.0,0.0,0.0,0.0,0.0,0.0,0.0,0.0,0.0,0.0,0.0,0.0,0.0,0.0,0.0,0.0,0.0,0.0,0.0,0.0,0.0,0.0,0.0,0.0,0.0,0.0,0.0,0.0,0.0,0.0,0.0,0.0,0.0,0.0,0.0,0.0,0.0,0.0,0.0,0.0,0.0,0.0,0.0,0.0,0.0,0.0,0.0,0.0,0.0,0.0,0.0,0.0,0.0,0.0,0.0,0.0,0.0,0.0,0.0,0.0,0.0,0.0,0.0,0.0,0.0,0.0,0.0,0.0,0.0,0.0,0.0,0.0,0.0,0.0,0.0,0.0,0.0,0.0,0.0,0.0,0.0,0.0,0.0,0.0,0.0,0.0,0.0,0.0,0.0,0.0,0.0,0.0,0.0,0.0,0.0,0.0,0.0,0.0,0.0,0.0,0.0,0.0,0.0,0.0,0.0,0.0,0.0,0.0,0.0,0.0,0.0,0.0,0.0,0.0,0.0,0.0,0.0,0.0,0.0,0.0,0.0,0.0,0.0,0.0,0.0,0.0,0.0,0.0,0.0,0.0,0.0,0.0,0.0,0.0,0.0,0.0,0.0,0.0,0.0
0.0,0.0,0.0,0.0,0.0,0.0,0.0,0.0,0.0,0.0,0.0,0.0,0.0,0.0,0.0,0.0,0.0,0.0,0.0,0.0,0.0,0.0,0.0,0.0,0.0,0.0,0.0,0.0,0.0,0.0,0.0,0.0,0.0,0.0,0.0,0.0,0.0,0.0,0.0,0.0,0.0,0.0,0.0,0.0,0.0,0.0,0.0,0.0,0.0,0.0,0.0,0.0,0.0,0.0,0.0,0.0,0.0,0.0,0.0,0.0,0.0,0.0,0.0,0.0,0.0,0.0,0.0,0.0,0.0,0.0,0.0,0.0,0.0,0.0,0.0,0.0,0.0,0.0,0.0,0.0,0.0,0.0,0.0,0.0,0.0,0.0037140204271123335,0.0,0.0037140204271123335,0.0,0.0037140204271123335,0.0,0.0,0.0,0.0,0.0,0.0,0.0,0.0,0.0,0.0,0.0,0.0,0.0,0.0,0.0,0.0,0.0,0.0,0.0,0.0,0.0,0.0,0.0,0.0,0.0,0.0,0.0,0.0,0.0,0.0,0.0,0.0,0.0,0.0,0.0,0.0037140204271123335,0.0,0.0,3.0950170225941924e-05,0.004863598178361406,0.003095017022593622,0.0,0.0031337047353760437,0.012380068090374488,0.0,0.0,0.003095017022593622,0.0,0.0,0.0,0.0,0.0,0.0,0.0,0.0,0.0,0.0,0.0,0.0,0.0,0.0,0.0,0.0,0.0,0.0,0.0,0.0,0.0,0.0,0.0,0.0,0.0,0.0,0.0,0.0,0.0,0.0,0.0,0.0,0.003519878450240574,0.0046666425496509,0.006876132224321638,0.0,0.0031337047353760437,0.0033618288348861757,0.0,0.003291972651304127,0.003291972651304127,0.003291972651304127,0.003291972651304127,0.0,0.0,0.0,0.0,0.0,0.0,0.0,0.0,0.0,0.0,0.0,0.0,0.0,0.0,0.0,0.0,0.0,0.0,0.0,0.0,0.0,0.0,0.0,0.0,0.0,0.0,0.0,0.0037140204271123335,3.0950170225941924e-05,0.003519878450240574,0.0,0.001830481496219667,0.00306406685236768,0.006337047353760445,0.00306406685236768,0.00306406685236768,0.003095017022593622,0.00306406685236768,0.006499535747446609,0.0,0.00306406685236768,0.0,0.0,0.0,0.0,0.0,0.0,0.0,0.0,0.0,0.0,0.0,0.0,0.0,0.0,0.0,0.0,0.0,0.0,0.0,0.0,0.0,0.0,0.0,0.0,0.0,0.0,0.0,0.0,0.004863598178361406,0.0046666425496509,0.001830481496219667,0.0,0.008999357188772228,0.0008456028651014722,0.0031337047353760437,0.008850528973475854,0.003095017022593622,0.0,0.0032497678737233044,0.0,0.003979307600477514,0.0,0.003979307600477514,0.0,0.0,0.0,0.0,0.0,0.0,0.0,0.0,0.0,0.0,0.0,0.0,0.0,0.0,0.0,0.0,0.0,0.0,0.0,0.0,0.0,0.0,0.0,0.0,0.0,0.0037140204271123335,0.003095017022593622,0.006876132224321638,0.00306406685236768,0.008999357188772228,0.0,0.0027319477180201453,0.002731947718020141,0.008275270978181362,0.00019046258600575842,0.005999571459181486,0.002999785729590743,0.003148843405595252,0.002999785729590743,0.0,0.0,0.0,0.0,0.002999785729590743,0.0,0.0,0.0,0.0,0.0,0.0,0.0,0.0,0.0,0.0,0.0,0.0,0.0,0.0,0.0,0.0,0.0,0.0,0.0,0.0,0.0,0.0,0.0,0.0,0.0,0.006337047353760445,0.0008456028651014722,0.0027319477180201453,0.0,0.012534818941504166,0.0004562481990202684,0.009207675642216027,0.00011606313834726292,0.00011606313834726292,0.006267409470752083,0.00020158334555050485,0.006267409470752083,0.0,0.002785515320334233,0.0,0.0,0.0,0.0,0.0,0.0,0.0,0.0,0.0,0.0,0.0,0.0,0.0,0.0,0.0,0.0,0.0,0.0,0.0,0.0,0.0,0.0,0.0,0.0,0.0,0.0031337047353760437,0.0031337047353760437,0.00306406685236768,0.0031337047353760437,0.002731947718020141,0.012534818941504166,0.0,0.0024493324368456484,0.0032884555865057303,0.00673166202414113,0.006615598885793869,0.0031185660651568354,0.00020158334555050702,0.0030839633903700873,0.0032286654849328963,0.006267409470752087,0.0,0.0,0.0,0.0031337047353760437,0.0,0.0,0.0,0.0,0.0,0.0,0.0,0.0,0.0,0.0,0.0,0.0,0.0,0.0,0.0,0.0,0.0,0.0,0.0,0.0,0.0,0.012380068090374488,0.0033618288348861757,0.00306406685236768,0.008850528973475854,0.008275270978181362,0.0004562481990202684,0.0024493324368456484,0.0,0.01707595598672343,0.012999071494893218,0.003473889796049047,0.00021298542929092373,0.006723657669772351,0.0033618288348861757,0.0033618288348861757,0.0,0.0,0.0033618288348861757,0.0,0.0,0.0,0.0,0.0,0.0,0.0,0.0,0.0,0.0,0.0,0.0,0.0,0.0,0.0,0.0,0.0,0.0,0.0,0.0,0.0,0.0,0.0,0.0,0.0,0.003095017022593622,0.003095017022593622,0.00019046258600575842,0.009207675642216027,0.0032884555865057303,0.01707595598672343,0.0,0.0003095017022593646,0.0001547508511296823,0.006297686811190504,0.0026063301242893666,0.003095017022593622,0.0,0.0006190034045187786,0.003095017022593622,0.003095017022593622,0.0,0.0,0.0,0.0,0.0,0.0,0.003095017022593622,0.0,0.0,0.0,0.0,0.0,0.0,0.0,0.0,0.0,0.0,0.0,0.0,0.0,0.0,0.0,0.0,0.0,0.003291972651304127,0.00306406685236768,0.0,0.005999571459181486,0.00011606313834726292,0.00673166202414113,0.012999071494893218,0.0003095017022593646,0.0,0.0032497678737233044,0.003350692341851357,0.00388506084151884,0.0030508024936993904,0.003038743985819191,0.0,0.0,0.0,0.0032497678737233044,0.0,0.0,0.0,0.0,0.0,0.0,0.0,0.0,0.0,0.0,0.0,0.0,0.0,0.0,0.0,0.0,0.0,0.0,0.0,0.0,0.0,0.0,0.003095017022593622,0.003291972651304127,0.006499535747446609,0.0032497678737233044,0.002999785729590743,0.00011606313834726292,0.006615598885793869,0.003473889796049047,0.0001547508511296823,0.0032497678737233044,0.0,0.0034516168099794093,0.002296828422030002,0.012999071494893218,0.0034607917616274178,0.0,0.0032497678737233044,0.0,0.0,0.0,0.0,0.0,0.0,0.0,0.0,0.0,0.0,0.0,0.0,0.0,0.0,0.0,0.0,0.0,0.0,0.0,0.0,0.0,0.0,0.0,0.0,0.0,0.003291972651304127,0.0,0.0,0.003148843405595252,0.006267409470752083,0.0031185660651568354,0.00021298542929092373,0.006297686811190504,0.003350692341851357,0.0034516168099794093,0.0,0.0035822874371346826,3.4602674786748076e-05,0.00292864456604313,0.009446530216785756,0.0,0.003148843405595252,0.0,0.003148843405595252,0.003148843405595252,0.003148843405595252,0.00278551532033425,0.0,0.0,0.0,0.0,0.0,0.0,0.0,0.0,0.0,0.0,0.0,0.0,0.0,0.0,0.0,0.0,0.0,0.0,0.0,0.003291972651304127,0.00306406685236768,0.003979307600477514,0.002999785729590743,0.00020158334555050485,0.00020158334555050702,0.006723657669772351,0.0026063301242893666,0.00388506084151884,0.002296828422030002,0.0035822874371346826,0.0,0.0,0.0001066225959936544,0.0029321213898255366,0.0027855153203342497,0.0,0.0,0.0029321213898255366,0.0029321213898255366,0.0029321213898255366,0.0029321213898255366,0.0,0.0,0.0029321213898255366,0.0,0.0,0.0,0.0,0.0,0.0,0.0,0.0,0.0,0.0,0.0,0.0,0.0,0.0,0.0,0.0,0.0,0.0,0.0,0.0,0.006267409470752083,0.0030839633903700873,0.0033618288348861757,0.003095017022593622,0.0030508024936993904,0.012999071494893218,3.4602674786748076e-05,0.0,0.0,0.003038743985819191,0.003183446080382,0.0027855153203342497,0.0,0.0,0.002785515320334233,0.0,0.0,0.0,0.0,0.0,0.0,0.0,0.0,0.0,0.0,0.0,0.0,0.0,0.0,0.0,0.0,0.0,0.0,0.0,0.0,0.0,0.0,0.0,0.0,0.003979307600477514,0.0,0.0,0.0032286654849328963,0.0033618288348861757,0.0,0.003038743985819191,0.0034607917616274178,0.00292864456604313,0.0001066225959936544,0.003038743985819191,0.0,0.003038743985819191,0.0027855153203342497,0.0,0.00417827298050135,0.0,0.0,0.003038743985819191,0.0,0.003038743985819191,0.0,0.0,0.0,0.0,0.0,0.0,0.0,0.0,0.0,0.0,0.0,0.0,0.0,0.0,0.0,0.0,0.0,0.0,0.0,0.0,0.0,0.0,0.002785515320334233,0.006267409470752087,0.0,0.0006190034045187786,0.0,0.0,0.009446530216785756,0.0029321213898255366,0.003183446080382,0.003038743985819191,0.0,0.0,0.0,0.0,0.0,0.0,0.0,0.00278551532033425,0.0,0.0,0.0,0.0,0.0,0.0,0.0,0.0,0.0,0.0,0.0,0.0,0.0,0.0,0.0,0.0,0.0,0.0,0.0,0.0,0.0,0.0,0.0,0.0,0.0,0.0,0.003095017022593622,0.0,0.0032497678737233044,0.0,0.0027855153203342497,0.0027855153203342497,0.0027855153203342497,0.0,0.0,0.0,0.005571030640668499,0.0,0.0027855153203342497,0.0,0.0,0.0,0.0,0.0,0.0,0.0,0.0,0.0,0.0,0.0,0.0,0.0,0.0,0.0,0.0,0.0,0.0,0.0,0.0,0.0,0.0,0.0,0.0,0.002999785729590743,0.0,0.0,0.0033618288348861757,0.003095017022593622,0.0,0.0,0.003148843405595252,0.0,0.0,0.0,0.0,0.0,0.0,0.0,0.0,0.0027855153203342,0.00278551532033425,0.0,0.0,0.0,0.0027855153203342,0.0,0.0,0.0,0.0,0.0,0.0,0.0,0.0,0.0,0.0,0.0,0.0,0.0,0.0,0.0,0.0,0.0,0.0,0.0,0.0,0.0,0.0,0.0,0.0,0.0032497678737233044,0.0,0.0,0.0,0.0,0.00417827298050135,0.0,0.005571030640668499,0.0,0.0,0.0,0.0,0.0,0.0,0.0,0.0027855153203342,0.0,0.0,0.0,0.0,0.0,0.0,0.0,0.0,0.0,0.0,0.0,0.0,0.0,0.0,0.0,0.0,0.0,0.0,0.0,0.0,0.0,0.0,0.0031337047353760437,0.0,0.0,0.0,0.0,0.003148843405595252,0.0029321213898255366,0.002785515320334233,0.0,0.0,0.0,0.0,0.0,0.0,0.002785515320334233,0.0,0.0,0.0,0.002785515320334233,0.0,0.0,0.0,0.0,0.0,0.0,0.0,0.0,0.0,0.0,0.0,0.0,0.0,0.0,0.0,0.0,0.0,0.0,0.0,0.0,0.0,0.0,0.0,0.0,0.0,0.0,0.0,0.003148843405595252,0.0029321213898255366,0.0,0.0,0.0,0.0027855153203342497,0.0027855153203342,0.0,0.002785515320334233,0.0,0.0,0.0,0.0,0.0,0.0,0.0,0.0,0.0,0.0,0.0,0.0,0.0,0.0,0.0,0.0,0.0,0.0,0.0,0.0,0.0,0.0,0.0,0.0,0.0,0.0,0.0,0.0,0.0,0.0,0.0,0.0,0.003148843405595252,0.0029321213898255366,0.0,0.003038743985819191,0.0,0.0,0.00278551532033425,0.0,0.0,0.0,0.0,0.00278551532033425,0.0,0.0,0.0,0.0,0.0,0.0,0.0,0.0,0.0,0.0,0.0,0.0,0.0,0.0,0.0,0.0,0.0,0.0,0.0,0.0,0.0,0.0,0.0,0.0,0.0,0.0,0.0,0.0,0.0,0.00278551532033425,0.0029321213898255366,0.0,0.0,0.00278551532033425,0.0,0.0,0.0,0.0,0.0,0.00278551532033425,0.0,0.0,0.0,0.0,0.0,0.0,0.0,0.0,0.0,0.0,0.0,0.0,0.0,0.0,0.0,0.0,0.0,0.0,0.0,0.0,0.0,0.0,0.0,0.0,0.0,0.0,0.0,0.0,0.0,0.0,0.0,0.0,0.0,0.003038743985819191,0.0,0.0,0.0,0.0,0.0,0.0,0.0,0.0,0.0,0.0,0.0,0.0,0.0,0.0,0.0,0.0,0.0,0.0,0.0,0.0,0.0,0.0,0.0,0.0,0.0,0.0,0.0,0.0,0.0,0.0,0.0,0.0,0.0,0.0,0.003095017022593622,0.0,0.0,0.0,0.0,0.0,0.0,0.0,0.0,0.0,0.0027855153203342,0.002785515320334233,0.0,0.0,0.0,0.0,0.0,0.0,0.0,0.0,0.0,0.0,0.0,0.0,0.0,0.0,0.0,0.0,0.0,0.0,0.0,0.0,0.0,0.0,0.0,0.0,0.0,0.0,0.0,0.0,0.0,0.0,0.0,0.0,0.0,0.0029321213898255366,0.0,0.0,0.0,0.0,0.0027855153203342,0.0,0.0,0.0,0.0,0.0,0.0,0.0,0.0,0.0,0.0,0.0,0.0,0.0,0.0,0.0,0.0027855153203342,0.0,0.0,0.0,0.0,0.0,0.0,0.0,0.0,0.0,0.0,0.0,0.0,0.0,0.0,0.0,0.0,0.0,0.0,0.0,0.0,0.0,0.0,0.0,0.0,0.0,0.0,0.0,0.0,0.0,0.0,0.0,0.0,0.0,0.0,0.0,0.0,0.0,0.0,0.0,0.0,0.0,0.0,0.0,0.0,0.0,0.0,0.0,0.0,0.0,0.0,0.0,0.0,0.0,0.0,0.0,0.0,0.0,0.0,0.0,0.0,0.0,0.0,0.0,0.0,0.0,0.0,0.0,0.0,0.0,0.0,0.0,0.0,0.0,0.0,0.0,0.0,0.0,0.0,0.0,0.0,0.0,0.0,0.0,0.0,0.0,0.0,0.0,0.0,0.0,0.0,0.0,0.0,0.0,0.0,0.0,0.0,0.0,0.0,0.0,0.0,0.0,0.0,0.0,0.0,0.0,0.0,0.0,0.0,0.0,0.0,0.0,0.0,0.0,0.0,0.0,0.0,0.0,0.0,0.0,0.0,0.0,0.0,0.0,0.0,0.0,0.0,0.0,0.0,0.0,0.0,0.0,0.0,0.0,0.0,0.0,0.0,0.0,0.0,0.0,0.0,0.0,0.0,0.0,0.0,0.0,0.0,0.0,0.0,0.0,0.0,0.0,0.0,0.0,0.0,0.0,0.0,0.0,0.0,0.0,0.0,0.0,0.0,0.0,0.0,0.0,0.0,0.0,0.0,0.0,0.0,0.0,0.0,0.0,0.0,0.0,0.0,0.0,0.0,0.0,0.0,0.0,0.0,0.0,0.0,0.0,0.0,0.0,0.0,0.0,0.0,0.0,0.0,0.0,0.0,0.0,0.0,0.0,0.0,0.0,0.0,0.0,0.0,0.0,0.0,0.0,0.0,0.0,0.0,0.0,0.0,0.0,0.0,0.0,0.0,0.0,0.0,0.0,0.0,0.0,0.0,0.0,0.0,0.0,0.0,0.0,0.0,0.0,0.0,0.0,0.0,0.0,0.0,0.0,0.0,0.0,0.0,0.0,0.0,0.0,0.0,0.0,0.0,0.0,0.0,0.0,0.0,0.0,0.0,0.0,0.0,0.0,0.0,0.0,0.0,0.0,0.0,0.0,0.0,0.0,0.0,0.0,0.0,0.0,0.0,0.0,0.0,0.0,0.0,0.0,0.0,0.0,0.0,0.0,0.0,0.0,0.0,0.0,0.0,0.0,0.0,0.0,0.0,0.0,0.0,0.0,0.0,0.0,0.0,0.0,0.0,0.0,0.0,0.0,0.0,0.0,0.0,0.0,0.0,0.0,0.0,0.0,0.0,0.0,0.0,0.0,0.0,0.0,0.0,0.0,0.0,0.0,0.0,0.0,0.0,0.0,0.0,0.0,0.0,0.0,0.0027855153203342,0.0,0.0,0.0,0.0,0.0,0.0,0.0,0.0,0.0,0.0,0.0,0.0,0.0,0.0,0.0,0.0,0.0,0.0,0.0,0.0,0.0,0.0,0.0,0.0,0.0,0.0,0.0,0.0,0.0,0.0,0.0,0.0,0.0,0.0,0.0,0.0,0.0,0.0,0.0,0.0,0.0,0.0,0.0,0.0,0.0,0.0,0.0,0.0,0.0,0.0,0.0,0.0,0.0,0.0,0.0,0.0,0.0,0.0,0.0,0.0,0.0,0.0,0.0,0.0,0.0,0.0,0.0,0.0,0.0,0.0,0.0,0.0,0.0,0.0,0.0,0.0,0.0,0.0,0.0,0.0,0.0,0.0,0.0,0.0,0.0,0.0,0.0,0.0,0.0,0.0,0.0,0.0,0.0,0.0,0.0,0.0,0.0,0.0,0.0,0.0,0.0,0.0,0.0,0.0,0.0,0.0,0.0,0.0,0.0,0.0,0.0,0.0,0.0,0.0,0.0,0.0,0.0,0.0,0.0,0.0,0.0,0.0,0.0,0.0,0.0,0.0,0.0,0.0,0.0,0.0,0.0,0.0,0.0,0.0,0.0,0.0,0.0,0.0,0.0,0.0,0.0,0.0,0.0,0.0,0.0,0.0,0.0,0.0,0.0,0.0,0.0,0.0,0.0,0.0,0.0,0.0,0.0,0.0,0.0,0.0,0.0,0.0,0.0,0.0,0.0,0.0,0.0,0.0,0.0,0.0,0.0,0.0,0.0,0.0,0.0,0.0
0.0,0.0020876826722338,0.0,0.0,0.0,0.0,0.0,0.0,0.0,0.0,0.0,0.0,0.0,0.0,0.0,0.0,0.0,0.0,0.0,0.0,0.0,0.0,0.0,0.0,0.0,0.0,0.0,0.0,0.0,0.0,0.0,0.0,0.0,0.0,0.0,0.0,0.0,0.0,0.0,0.0,0.0,0.0020876826722338,0.0,0.0,0.0,0.0,0.002187096132816381,0.0,0.0,0.0,0.0,0.0,0.0,0.0,0.0,0.0,0.0,0.0,0.0,0.0,0.0,0.0,0.0,0.0,0.0,0.0,0.0,0.0,0.0,0.0,0.0,0.0,0.0,0.0,0.0,0.0,0.0,0.0,0.0,0.0,0.0,0.0,0.0,0.0,0.0,0.0022616562282533,0.0031315240083507,0.0,0.0,0.0,0.0,0.0,0.0031315240083507,0.0,0.0,0.0,0.0,0.0,0.0,0.0,0.0,0.0,0.0,0.0,0.0,0.0,0.0,0.0,0.0,0.0,0.0,0.0,0.0,0.0,0.0,0.0,0.0,0.0,0.0,0.0,0.0,0.0,0.0,0.0,0.0,0.0022616562282533,0.0,0.0,0.0,0.004479819067501718,0.0067849686847599,0.0045233124565066,0.0001304801670146188,0.0,0.0,0.0,9.046624913012797e-05,0.0,0.0,0.0,0.0,0.0,0.0,0.0,0.0,0.0,0.0,0.0,0.0,0.0,0.0,0.0,0.0,0.0,0.0,0.0,0.0,0.0,0.0,0.0,0.0,0.0,0.0,0.0,0.0,0.0,0.0031315240083507,0.0,0.0,0.006561288398449143,0.000732138714915326,0.0004268151241011305,0.0012863499293561788,0.0,0.006031083275342133,0.0,0.0,0.0,0.0030155416376710666,0.0030155416376710666,0.0,0.0,0.0,0.0,0.0,0.0,0.0,0.0,0.0,0.0,0.0,0.0,0.0,0.0,0.0,0.0,0.0,0.0,0.0,0.0,0.0,0.0,0.0,0.0,0.0,0.0,0.002187096132816381,0.0,0.0,0.006561288398449143,0.0,0.00019261357987871916,0.008346754150511969,0.002001825592639785,0.007381449448255294,0.00029555353146167593,0.002187096132816381,0.002187096132816381,0.002171189979123172,0.002187096132816381,0.0,0.0,0.0,0.0,0.0,0.002187096132816381,0.0,0.0,0.0,0.0,0.0,0.0,0.0,0.0,0.0,0.0,0.0,0.0,0.0,0.0,0.0,0.0,0.0,0.0,0.0,0.0,0.0,0.0,0.0,0.004479819067501718,0.000732138714915326,0.00019261357987871916,0.0,0.00395615866388309,0.011328050863541467,0.002065935977731385,0.0028811431473226897,2.1746694502435167e-05,0.0022703549060542816,0.002058977035490603,0.0023244800123714557,0.0,0.0,0.0,0.0,0.0,0.0,0.0,0.0,0.0,0.0,0.0,0.0,0.0,0.0,0.0,0.0,0.0,0.0,0.0,0.0,0.0,0.0,0.0,0.0,0.0,0.0,0.0,0.0,0.0,0.0067849686847599,0.0004268151241011305,0.008346754150511969,0.00395615866388309,0.0,0.0036705257164547315,0.006783228949199721,0.0003182305478756373,0.0035699373695198284,0.00029227557411273634,0.002171189979123172,0.0022423258331400256,0.002254697286012524,0.005177453027139872,0.0,0.002588726513569936,0.0,0.0,0.0,0.0,0.0,0.0,0.0,0.0,0.0,0.0,0.0,0.0,0.0,0.0,0.0,0.0,0.0,0.0,0.0,0.0,0.0,0.0,0.0,0.0,0.0,0.0045233124565066,0.0012863499293561788,0.002001825592639785,0.011328050863541467,0.0036705257164547315,0.0,0.00241190611754286,0.00766851497540433,0.00011071044473967171,0.004516986145378623,0.00040235338773961064,0.0002600816797059032,0.002254697286012524,0.004744733345985954,0.002372366672992977,0.0027139874739039605,0.0,0.0,0.0,0.0,0.0,0.0,0.0,0.0,0.0,0.0,0.0,0.0,0.0,0.0,0.0,0.0,0.0,0.0,0.0,0.0,0.0,0.0,0.0,0.0,0.0,0.0001304801670146188,0.0,0.007381449448255294,0.002065935977731385,0.006783228949199721,0.00241190611754286,0.0,0.004241193176475007,0.0027835768963117586,0.004975643702157275,0.007397355601948503,0.011960681976339593,0.004921711899791232,0.0023921363952679187,0.0,0.0,0.0,0.0,0.0023921363952679187,0.0,0.0,0.0023921363952679187,0.0,0.0,0.0,0.0,0.0,0.0,0.0,0.0,0.0,0.0,0.0,0.0,0.0,0.0,0.0,0.0,0.0,0.0,0.0031315240083507,0.0,0.006031083275342133,0.00029555353146167593,0.0028811431473226897,0.0003182305478756373,0.00766851497540433,0.004241193176475007,0.0,0.005186292764580866,0.009185803757828799,0.007759408677989056,0.0027229734954160884,0.002026744907746991,0.002482649664278057,4.701988000527409e-05,0.0,0.005360266320600372,0.0,0.0,0.0,0.0,0.0,0.0,0.0,0.0,0.0,0.0,0.0,0.0,0.0,0.0,0.0,0.0,0.0,0.0,0.0,0.0,0.0,0.0,0.0,0.0,0.0,0.0,0.002187096132816381,2.1746694502435167e-05,0.0035699373695198284,0.00011071044473967171,0.0027835768963117586,0.005186292764580866,0.0,0.002226861517049411,0.006965901183020184,0.0022229954380267457,0.0022477383437717424,0.006958942240779402,0.006784968684759916,0.006784968684759916,0.0022616562282533055,0.0022616562282533055,0.0,0.0022616562282533055,0.0,0.0,0.0,0.0,0.0,0.0,0.0,0.0,0.0,0.0,0.0,0.0,0.0,0.0,0.0,0.0,0.0,0.0,0.0,0.0,0.0,0.0,0.0,0.002187096132816381,0.0022703549060542816,0.00029227557411273634,0.004516986145378623,0.004975643702157275,0.009185803757828799,0.002226861517049411,0.0,0.0025469728601252564,0.006672852393102903,0.006680584551148221,0.0022964509394571998,0.0045929018789143995,0.0,0.0045929018789143995,0.004771846107962999,0.009185803757828799,0.0,0.0,0.0,0.0,0.0,0.0,0.0,0.0,0.0,0.0,0.0,0.0,0.0,0.0,0.0,0.0,0.0,0.0,0.0,0.0,0.0,0.0,9.046624913012797e-05,0.0,0.002171189979123172,0.002058977035490603,0.002171189979123172,0.00040235338773961064,0.007397355601948503,0.007759408677989056,0.006965901183020184,0.0025469728601252564,0.0,0.002384597541173733,0.00016701461377870413,0.0019206680584551161,0.002700069589422394,0.0027139874739039605,0.002171189979123172,0.002171189979123172,8.35073068893551e-05,0.0,0.0,0.0,0.0,0.0,0.0,0.0,0.0,0.0,0.0,0.0,0.0,0.0,0.0,0.0,0.0,0.0,0.0,0.0,0.0,0.0,0.0,0.0,0.0030155416376710666,0.002187096132816381,0.0023244800123714557,0.0022423258331400256,0.0002600816797059032,0.011960681976339593,0.0027229734954160884,0.0022229954380267457,0.006672852393102903,0.002384597541173733,0.0,0.004484651666280051,0.004020722183561434,0.0022423258331400256,0.0022423258331400256,0.004484651666280051,0.0001435972208414741,0.0,0.0,0.0,0.0,0.0,0.0022423258331400256,0.0,0.0,0.0,0.0,0.0,0.0,0.0,0.0,0.0,0.0,0.0,0.0,0.0,0.0,0.0,0.0,0.0,0.0,0.0030155416376710666,0.0,0.0,0.002254697286012524,0.002254697286012524,0.004921711899791232,0.002026744907746991,0.0022477383437717424,0.006680584551148221,0.00016701461377870413,0.004484651666280051,0.0,0.0001670146137787037,0.002435629784272783,0.0009185803757828731,0.00016701461377872408,0.002254697286012524,0.002254697286012524,0.0020876826722338,0.0,0.002254697286012524,0.002254697286012524,0.0,0.0,0.0,0.002254697286012524,0.0,0.0,0.0,0.0,0.0,0.0,0.0,0.0,0.0,0.0,0.0,0.0,0.0,0.0,0.0,0.0,0.0,0.0,0.005177453027139872,0.004744733345985954,0.0023921363952679187,0.002482649664278057,0.006958942240779402,0.0022964509394571998,0.0019206680584551161,0.004020722183561434,0.0001670146137787037,0.0,0.0027835768963117456,0.0020876826722338203,0.0041753653444676405,0.0020876826722338203,0.0020876826722338203,0.0,0.0,2.0383000842727483e-17,0.0020876826722338406,0.0,0.0,0.0,0.0,0.0,0.0,0.0,0.0,0.0,0.0,0.0,0.0,0.0,0.0,0.0,0.0,0.0,0.0,0.0,0.0,0.0,0.0,0.0,0.002372366672992977,0.0,4.701988000527409e-05,0.006784968684759916,0.0045929018789143995,0.002700069589422394,0.0022423258331400256,0.002435629784272783,0.0027835768963117456,0.0,0.0002783576896311776,0.00730688935281835,0.002435629784272783,0.0041753653444676336,0.0,0.0,0.0020876826722338,0.0,0.0,0.0,0.0,0.0,0.0,0.0,0.0,0.0,0.0,0.0,0.0,0.0,0.0,0.0,0.0,0.0,0.0,0.0,0.0,0.0,0.0,0.0,0.002588726513569936,0.0027139874739039605,0.0,0.0,0.006784968684759916,0.0,0.0027139874739039605,0.0022423258331400256,0.0009185803757828731,0.0020876826722338203,0.0002783576896311776,0.0,0.0020876826722338,0.0006561288398449217,0.0006263048016701437,0.0006263048016701606,0.0,0.0,0.0,0.0,0.0,0.0,0.0,0.0,0.0,0.0,0.0,0.0,0.0,0.0,0.0,0.0,0.0,0.0,0.0,0.0,0.0,0.0,0.0,0.0,0.0,0.0,0.0,0.0,0.005360266320600372,0.0022616562282533055,0.0045929018789143995,0.002171189979123172,0.004484651666280051,0.00016701461377872408,0.0041753653444676405,0.00730688935281835,0.0020876826722338,0.0,0.0,0.0,0.0,0.0020876826722338,0.0,0.0,0.0,0.0,0.0020876826722338,0.0,0.0,0.0,0.0,0.0,0.0,0.0,0.0,0.0,0.0,0.0,0.0,0.0,0.0,0.0,0.0,0.0,0.002187096132816381,0.0,0.0,0.0,0.0,0.0,0.0022616562282533055,0.004771846107962999,0.002171189979123172,0.0001435972208414741,0.002254697286012524,0.0020876826722338203,0.002435629784272783,0.0006561288398449217,0.0,0.0,0.0,0.0,0.0017894422904861,0.0,0.0,0.0,0.0,0.0,0.0,0.0,0.0023859230539814997,0.0,0.0,0.0,0.0,0.0,0.0,0.0,0.0,0.0,0.0,0.0,0.0,0.0,0.0,0.0,0.0,0.0,0.0,0.0023921363952679187,0.0,0.0,0.009185803757828799,8.35073068893551e-05,0.0,0.002254697286012524,0.0020876826722338203,0.0041753653444676336,0.0006263048016701437,0.0,0.0,0.0,0.0,0.0041753653444676,0.0,0.0,0.0,0.0020876826722338168,0.0020876826722338168,0.0,0.0,0.0,0.0,0.0,0.0,0.0,0.0,0.0,0.0,0.0,0.0,0.0,0.0,0.0,0.0,0.0,0.0,0.0,0.0,0.0,0.0,0.0,0.0022616562282533055,0.0,0.0,0.0,0.0020876826722338,0.0,0.0,0.0006263048016701606,0.0,0.0,0.0,0.0,0.0,0.0020876826722338,0.0,0.0,0.0,0.0020876826722338,0.0,0.0,0.0,0.0,0.0,0.0,0.0,0.0,0.0,0.0,0.0,0.0,0.0,0.0,0.0,0.0,0.0,0.0,0.0,0.0,0.0,0.0,0.0,0.0,0.0,0.0,0.0,0.0,0.0,0.0,0.0,0.0020876826722338,0.0017894422904861,0.0041753653444676,0.0,0.0,0.0,0.0020876826722338,0.0,0.0,0.0020876826722338,0.0,0.0,0.0,0.0,0.0,0.0,0.0,0.0,0.0,0.0,0.0,0.0,0.0,0.0,0.0,0.0,0.0,0.0,0.0,0.0,0.0,0.0023921363952679187,0.0,0.0,0.0,0.0,0.0,0.002254697286012524,2.0383000842727483e-17,0.0020876826722338,0.0,0.0,0.0,0.0,0.0020876826722338,0.0,0.0,0.0,0.0,0.0020876826722338,0.0,0.0,0.0,0.0,0.0,0.0,0.0,0.0,0.0,0.0,0.0,0.0,0.0,0.0,0.0,0.0,0.0,0.0,0.0,0.0,0.0,0.0,0.0,0.0,0.0,0.0,0.0,0.0,0.002254697286012524,0.0020876826722338406,0.0,0.0,0.0,0.0,0.0,0.0,0.0020876826722338,0.0,0.0,0.0020876826722338,0.0020876826722338,0.0,0.0,0.0,0.0,0.0,0.0,0.0,0.0,0.0020876826722338,0.0,0.0,0.0,0.0,0.0,0.0,0.0,0.0,0.0,0.0,0.0,0.0,0.0,0.0,0.0,0.0,0.0,0.0,0.0022423258331400256,0.0,0.0,0.0,0.0,0.0,0.0,0.0,0.0,0.0,0.0,0.0020876826722338,0.0,0.0,0.0,0.0,0.0,0.0,0.0,0.0,0.0,0.0,0.0,0.0,0.0,0.0,0.0,0.0,0.0,0.0,0.0,0.0,0.0,0.0,0.0,0.0,0.0,0.0,0.0,0.0,0.0,0.0,0.0,0.0,0.0,0.0,0.0,0.0,0.0020876826722338168,0.0,0.0,0.0020876826722338,0.0020876826722338,0.0,0.0,0.0,0.0,0.0,0.0,0.0,0.0,0.0,0.0,0.0,0.0,0.0,0.0,0.0,0.0,0.0,0.0,0.0,0.0,0.0,0.0,0.0,0.0,0.0,0.0,0.0,0.0,0.0,0.0,0.0,0.0,0.0,0.0,0.0020876826722338,0.0,0.0020876826722338168,0.0020876826722338,0.0020876826722338,0.0,0.0,0.0,0.0,0.0,0.0,0.0,0.0,0.0,0.0,0.0,0.0,0.0,0.0,0.0,0.0,0.0,0.0,0.0,0.0,0.0,0.0,0.0,0.0,0.0,0.0,0.0,0.0,0.0,0.0,0.0,0.0,0.002254697286012524,0.0,0.0,0.0,0.0,0.0,0.0,0.0,0.0,0.0,0.0,0.0,0.0,0.0,0.0,0.0,0.0,0.0,0.0,0.0,0.0,0.0,0.0,0.0,0.0,0.0,0.0,0.0,0.0,0.0,0.0,0.0,0.0,0.0,0.0,0.0,0.0,0.0,0.0,0.0,0.0,0.0,0.0,0.0,0.0,0.0,0.0,0.0,0.0,0.0,0.0,0.0,0.0,0.0,0.0,0.0,0.0,0.0,0.0,0.0,0.0,0.0,0.0,0.0,0.0,0.0,0.0,0.0,0.0,0.0,0.0,0.0,0.0,0.0,0.0,0.0,0.0,0.0,0.0,0.0,0.0,0.0,0.0,0.0,0.0,0.0,0.0,0.0023859230539814997,0.0,0.0,0.0,0.0,0.0,0.0,0.0,0.0,0.0,0.0,0.0,0.0,0.0,0.0,0.0,0.0,0.0,0.0,0.0,0.0,0.0,0.0,0.0,0.0,0.0,0.0,0.0,0.0,0.0,0.0,0.0,0.0,0.0,0.0,0.0,0.0,0.0,0.0,0.0,0.0,0.0,0.0,0.0,0.0,0.0,0.0,0.0,0.0,0.0,0.0,0.0,0.0,0.0,0.0,0.0,0.0,0.0,0.0,0.0,0.0,0.0,0.0,0.0,0.0,0.0,0.0,0.0,0.0,0.0,0.0,0.0,0.0,0.0,0.0,0.0,0.0,0.0,0.0,0.0,0.0,0.0,0.0,0.0,0.0,0.0,0.0,0.0,0.0,0.0,0.0,0.0,0.0,0.0,0.0,0.0,0.0,0.0,0.0,0.0,0.0,0.0,0.0,0.0,0.0,0.0,0.0,0.0,0.0,0.0,0.0,0.0,0.0,0.0,0.0,0.0,0.0,0.0,0.0,0.0,0.0,0.0,0.0,0.0,0.0,0.0,0.0,0.0,0.0,0.0,0.0,0.0,0.0,0.0,0.0,0.0,0.0,0.0,0.0,0.0,0.0,0.0,0.0,0.0,0.0,0.0,0.0,0.0,0.0,0.0,0.0,0.0,0.0,0.0,0.0,0.0,0.0,0.0,0.0,0.0,0.0,0.0,0.0,0.0,0.0,0.0,0.0,0.0,0.0,0.0,0.0,0.0,0.0,0.0,0.0,0.0,0.0,0.0,0.0,0.0,0.0,0.0,0.0,0.0,0.0,0.0,0.0,0.0,0.0,0.0,0.0,0.0,0.0,0.0,0.0,0.0,0.0,0.0,0.0,0.0,0.0,0.0,0.0,0.0,0.0,0.0,0.0,0.0,0.0,0.0,0.0020876826722338,0.0,0.0,0.0,0.0,0.0,0.0,0.0,0.0,0.0,0.0,0.0,0.0,0.0,0.0,0.0,0.0,0.0,0.0,0.0,0.0,0.0,0.0,0.0,0.0,0.0,0.0,0.0,0.0,0.0,0.0,0.0,0.0,0.0,0.0,0.0,0.0,0.0,0.0,0.0,0.0,0.0,0.0,0.0,0.0,0.0,0.0,0.0,0.0,0.0,0.0,0.0,0.0,0.0,0.0,0.0,0.0,0.0,0.0,0.0,0.0,0.0,0.0,0.0,0.0,0.0,0.0,0.0,0.0,0.0,0.0,0.0,0.0,0.0,0.0,0.0,0.0,0.0,0.0,0.0,0.0,0.0,0.0,0.0,0.0,0.0,0.0,0.0,0.0,0.0,0.0,0.0,0.0,0.0,0.0,0.0,0.0,0.0,0.0,0.0,0.0,0.0,0.0,0.0,0.0,0.0,0.0,0.0,0.0,0.0,0.0,0.0,0.0,0.0,0.0,0.0,0.0,0.0,0.0,0.0,0.0,0.0,0.0,0.0,0.0,0.0,0.0,0.0,0.0,0.0,0.0,0.0,0.0,0.0,0.0,0.0,0.0,0.0,0.0,0.0,0.0,0.0,0.0,0.0,0.0,0.0,0.0,0.0,0.0,0.0,0.0,0.0,0.0,0.0,0.0,0.0,0.0,0.0,0.0,0.0,0.0,0.0,0.0,0.0,0.0,0.0,0.0,0.0,0.0,0.0,0.0,0.0,0.0,0.0,0.0,0.0,0.0,0.0,0.0,0.0
