0.04213069831472098,0.03130715942619924,0.011492731956214561,0.023837328608041587,0.01468721439327042,0.010220341478085862,0.0073004591530407325,0.0,0.0,0.0,0.007613628121785449,0.0,0.00696598193063175,0.007613628121785449,0.0,0.0,0.0,0.0,0.0,0.0,0.0,0.0,0.0,0.0,0.0,0.0,0.0,0.0,0.0,0.0,0.0,0.03130715942619924,0.03622880040758079,0.026690284448057277,0.03062457437485904,0.015321365074510433,0.01540104425439573,0.0,0.0,0.0,0.008247778803025461,0.0,0.0,0.0,0.0,0.0,0.01333395587272009,0.0,0.0,0.0,0.0,0.0,0.0,0.0,0.0,0.0,0.0,0.0,0.0,0.0,0.0,0.0,0.011492731956214561,0.026690284448057277,0.05032889111128693,0.037674619726712114,0.02762848560794612,0.018406097627888328,0.0077941293792568546,0.021841739762794167,0.007232720948014809,0.0077941293792568546,0.0,0.0,0.0,0.0,0.0,0.0,0.0,0.0,0.0,0.0,0.0,0.0,0.0,0.0,0.0,0.0,0.0,0.0,0.0,0.0,0.0,0.023837328608041587,0.03062457437485904,0.037674619726712114,0.055163266755404644,0.04842908619602574,0.025161856032929693,0.023577837502904604,0.0,0.03081867840620875,0.009948448899038594,0.012593439798797968,0.0,0.00696598193063175,0.0,0.0,0.009251903104329239,0.0,0.00676774160609028,0.0,0.0,0.0,0.0,0.0,0.0,0.0,0.0,0.0,0.0,0.0,0.0,0.0,0.01468721439327042,0.015321365074510433,0.02762848560794612,0.04842908619602574,0.05223547180218237,0.03689360770178175,0.02124916373942272,0.007510381240645811,0.0,0.010444516272507144,0.01966702607028294,0.007063573265736339,0.010425463440443932,0.0,0.00796730480350988,0.0,0.007701652654212849,0.007561984558127104,0.0,0.0,0.0,0.0,0.0,0.0,0.0,0.0,0.0,0.0,0.0,0.0,0.0,0.010220341478085862,0.01540104425439573,0.018406097627888328,0.025161856032929693,0.03689360770178175,0.020440682956171723,0.031160689563732493,0.026721584694369097,0.03553283712208072,0.017413223046085217,0.021800068383697854,0.006913365671673767,0.0,0.00734479648252275,0.0,0.0,0.0,0.0,0.0,0.0,0.0056417320436820675,0.0,0.0,0.0,0.0,0.0,0.0,0.0,0.0,0.0,0.0,0.0073004591530407325,0.0,0.0077941293792568546,0.023577837502904604,0.02124916373942272,0.031160689563732493,0.03215633809103846,0.02721078876287721,0.018037368414930387,0.020584190564354475,0.017251526278505847,0.017868220732651915,0.013196263770053058,0.014645255635563483,0.0,0.0,0.0,0.0,0.0,0.0,0.0,0.0,0.0,0.0,0.0,0.0,0.0,0.0,0.0,0.0,0.0,0.0,0.0,0.021841739762794167,0.0,0.007510381240645811,0.026721584694369097,0.02721078876287721,0.028095220767074623,0.032645126141429656,0.014522625653209924,0.021083686842823093,0.007510381240645811,0.0,0.02211367262471586,0.007510381240645811,0.009251903104329239,0.0,0.007510381240645811,0.0,0.0,0.0,0.0,0.0,0.01123541505110152,0.0,0.0,0.0,0.0,0.0,0.0,0.0,0.0,0.0,0.007232720948014809,0.03081867840620875,0.0,0.03553283712208072,0.018037368414930387,0.032645126141429656,0.0,0.007012244412564114,0.0,0.01781342182775008,0.00696598193063175,0.00734479648252275,0.0,0.0,0.0,0.007561984558127104,0.0,0.0,0.0,0.0,0.0,0.0,0.0,0.0,0.0,0.0,0.0,0.0,0.0,0.0,0.008247778803025461,0.0077941293792568546,0.009948448899038594,0.010444516272507144,0.017413223046085217,0.020584190564354475,0.014522625653209924,0.007012244412564114,0.014024488825128228,0.012593439798797968,0.014075817678300453,0.00696598193063175,0.0,0.0,0.0,0.007012244412564114,0.0,0.010864452930522735,0.0,0.0,0.0,0.0,0.0,0.0,0.0,0.0,0.007012244412564114,0.0,0.007012244412564114,0.0,0.007613628121785449,0.0,0.0,0.012593439798797968,0.01966702607028294,0.021800068383697854,0.017251526278505847,0.021083686842823093,0.0,0.012593439798797968,0.025186879597595937,0.006686316378863359,0.01365229830949511,0.00734479648252275,0.0,0.0,0.0,0.007561984558127104,0.0,0.0,0.0,0.0,0.0,0.0,0.0,0.0,0.0,0.0,0.0,0.0,0.0,0.0,0.0,0.0,0.0,0.007063573265736339,0.006913365671673767,0.017868220732651915,0.007510381240645811,0.01781342182775008,0.014075817678300453,0.006686316378863359,0.02116140175947054,0.007063573265736339,0.01058070087973527,0.007063573265736339,0.0,0.007701652654212849,0.0,0.0,0.0,0.0,0.0,0.0,0.0,0.0,0.0,0.0,0.0,0.0,0.0,0.0,0.00696598193063175,0.0,0.0,0.00696598193063175,0.010425463440443932,0.0,0.013196263770053058,0.0,0.00696598193063175,0.00696598193063175,0.01365229830949511,0.007063573265736339,0.0139319638612635,0.0,0.0,0.00696598193063175,0.0,0.00696598193063175,0.0,0.0,0.0,0.0,0.0,0.0,0.0,0.0,0.0,0.0,0.0,0.0,0.0,0.007613628121785449,0.0,0.0,0.0,0.0,0.00734479648252275,0.014645255635563483,0.02211367262471586,0.00734479648252275,0.0,0.00734479648252275,0.01058070087973527,0.0,0.0,0.00734479648252275,0.0,0.0,0.0,0.010864452930522735,0.0,0.0,0.0,0.0,0.0,0.0,0.0,0.0,0.0,0.0,0.0,0.0,0.0,0.0,0.0,0.0,0.00796730480350988,0.0,0.0,0.007510381240645811,0.0,0.0,0.0,0.007063573265736339,0.0,0.00734479648252275,0.0,0.0,0.0,0.0,0.0,0.0,0.0,0.0,0.0,0.0,0.0,0.0,0.0,0.0,0.0,0.0,0.0,0.0,0.01333395587272009,0.0,0.009251903104329239,0.0,0.0,0.0,0.009251903104329239,0.0,0.0,0.0,0.0,0.00696598193063175,0.0,0.0,0.0,0.0,0.0,0.0,0.0,0.0,0.0,0.0056417320436820675,0.0,0.0,0.0,0.0,0.0,0.0,0.0,0.0,0.0,0.0,0.0,0.0,0.007701652654212849,0.0,0.0,0.0,0.0,0.007012244412564114,0.0,0.007701652654212849,0.0,0.0,0.0,0.0,0.015403305308425697,0.007701652654212849,0.0,0.0,0.0,0.0,0.0,0.0,0.0,0.0,0.0,0.0,0.0,0.0,0.0,0.0,0.0,0.0,0.00676774160609028,0.007561984558127104,0.0,0.0,0.007510381240645811,0.007561984558127104,0.0,0.007561984558127104,0.0,0.00696598193063175,0.0,0.0,0.0,0.007701652654212849,0.015123969116254209,0.0,0.007561984558127104,0.0,0.0,0.0,0.0,0.00796730480350988,0.0,0.0,0.0,0.0,0.0,0.0,0.0,0.0,0.0,0.0,0.0,0.0,0.0,0.0,0.0,0.010864452930522735,0.0,0.0,0.0,0.010864452930522735,0.0,0.0,0.0,0.0,0.0,0.0,0.0,0.0056417320436820675,0.0,0.0,0.0,0.0,0.0,0.0,0.0,0.0,0.0,0.0,0.0,0.0,0.0,0.0,0.0,0.0,0.0,0.0,0.0,0.0,0.0,0.0,0.0,0.0,0.0,0.0,0.007561984558127104,0.0,0.0,0.0,0.0,0.0,0.0,0.0,0.0,0.0,0.0,0.0,0.0,0.0,0.0,0.0,0.0,0.0,0.0,0.0056417320436820675,0.0,0.0,0.0,0.0,0.0,0.0,0.0,0.0,0.0,0.0,0.0,0.0,0.0,0.0,0.0,0.0,0.0,0.0,0.0,0.0,0.0,0.0,0.0,0.0,0.0,0.0,0.0,0.0,0.0,0.0,0.0,0.0,0.0,0.0,0.0,0.0,0.0,0.0,0.0,0.0,0.0,0.0,0.0,0.0056417320436820675,0.0,0.0,0.0,0.0,0.0,0.0,0.0,0.0,0.0,0.0,0.0,0.0,0.0,0.0,0.0,0.0,0.0,0.0,0.0,0.0,0.0,0.0,0.0,0.0,0.0,0.0,0.0,0.0056417320436820675,0.0,0.0,0.0,0.0,0.0,0.0,0.0,0.0,0.0,0.0,0.0,0.0,0.0,0.0,0.0,0.0,0.0,0.0,0.0,0.0,0.0,0.0,0.01123541505110152,0.0,0.0,0.0,0.0,0.0,0.0,0.0,0.0,0.0,0.0,0.0,0.0,0.0,0.0,0.0,0.0,0.0,0.0,0.0,0.0,0.0,0.0,0.0,0.0,0.0,0.0,0.0,0.0,0.0,0.0,0.0,0.0,0.0,0.0,0.0,0.0,0.0,0.0,0.0,0.0,0.00796730480350988,0.0,0.0,0.0,0.0,0.0,0.0,0.0,0.0,0.0,0.0,0.0,0.0,0.0,0.0,0.0,0.0,0.0,0.0,0.0,0.0,0.0,0.0,0.0,0.0,0.0,0.0,0.0,0.0,0.0,0.0,0.0,0.0,0.0,0.0,0.0,0.0,0.0,0.0,0.0,0.0,0.0,0.0,0.0,0.0,0.0,0.0,0.0,0.0,0.0,0.0,0.0,0.0,0.0,0.0,0.0,0.0,0.0,0.0,0.0,0.0,0.0,0.0,0.0,0.0,0.0,0.0,0.0,0.0,0.0,0.0,0.0,0.0,0.0,0.0,0.0,0.0,0.0,0.0,0.0,0.0,0.0,0.0,0.0,0.0,0.007012244412564114,0.0,0.0,0.0,0.0,0.0,0.0,0.0,0.0,0.0,0.0,0.0,0.0,0.0,0.0,0.0,0.0,0.0,0.0,0.0,0.0,0.0,0.0,0.0,0.0,0.0,0.0,0.0,0.0,0.0,0.0,0.0,0.0,0.0,0.0,0.0,0.0,0.0,0.0,0.0,0.0,0.0,0.0,0.0,0.0,0.0,0.0,0.0,0.0,0.0,0.0,0.0,0.0,0.0,0.0,0.0,0.0,0.0,0.0,0.0,0.0,0.0,0.007012244412564114,0.0,0.0,0.0,0.0,0.0,0.0,0.0,0.0,0.0,0.0,0.0,0.0,0.0,0.0,0.0,0.0,0.0,0.0,0.0,0.0,0.0,0.0,0.0,0.0,0.0,0.0,0.0,0.0,0.0,0.0,0.0,0.0,0.0,0.0,0.0,0.0,0.0,0.0,0.0,0.0,0.0,0.0,0.0,0.0,0.0,0.0,0.0,0.0,0.0,0.0,0.0,0.0
0.03269912968612124,0.031109207163586894,0.020270546186449346,0.028614562808791388,0.029371361559345416,0.007301233053366206,0.0,0.008790200378215922,0.007136134481406372,0.0,0.0,0.0,0.0,0.0,0.0,0.0,0.008790200378215922,0.0,0.0,0.0,0.0,0.0,0.0,0.0,0.0,0.0,0.0,0.0,0.0,0.005563266134260156,0.0,0.031109207163586894,0.0393014367924579,0.03793991899455325,0.009756443871392005,0.0,0.0,0.007882540034309974,0.0,0.0,0.0,0.0,0.0,0.0,0.0,0.0,0.0,0.0,0.00836576286308917,0.0,0.0,0.0,0.0,0.0,0.0,0.0,0.0,0.0,0.0,0.0,0.0,0.0,0.020270546186449346,0.03793991899455325,0.05594633445506044,0.03088900079102469,0.018118012940011467,0.015052994787659226,0.008877617936324654,0.0,0.007136134481406372,0.0,0.0,0.00775176173429302,0.0,0.0,0.0,0.0,0.0,0.0,0.0,0.0,0.0,0.0,0.0,0.0,0.0,0.0,0.0,0.0,0.0,0.0,0.0,0.028614562808791388,0.009756443871392005,0.03088900079102469,0.06120786541305856,0.05665447398495242,0.028594724763451703,0.02535334775237104,0.027490371403245402,0.020018477650012478,0.007691139420567502,0.007421643532619581,0.009756443871392005,0.006640837352651012,0.0,0.0,0.006640837352651012,0.0,0.0,0.0,0.0,0.0,0.0,0.0,0.0,0.0,0.0,0.0,0.0,0.0,0.0,0.0,0.029371361559345416,0.0,0.018118012940011467,0.05665447398495242,0.04216611290398737,0.03527498477588878,0.029467662793792905,0.030304042745517408,0.017653835244279357,0.0,0.007062197024907305,0.014027761048698462,0.0,0.0,0.007062197024907305,0.0,0.0,0.0,0.0,0.0,0.0,0.0,0.0,0.0,0.0,0.0,0.0,0.0,0.0,0.0,0.0,0.007301233053366206,0.0,0.015052994787659226,0.028594724763451703,0.03527498477588878,0.03192753095103682,0.03782809700711585,0.025986622217427376,0.024138030861204633,0.011447915884331772,0.018182892312532326,0.007301233053366206,0.020519490287673137,0.007301233053366206,0.0,0.0,0.0,0.007301233053366206,0.0,0.0,0.0,0.0,0.0,0.0,0.0,0.0,0.0,0.0,0.0,0.0,0.0,0.0,0.007882540034309974,0.008877617936324654,0.02535334775237104,0.029467662793792905,0.03782809700711585,0.032891732155016215,0.029344625724552452,0.028876449426885196,0.014442628685445824,0.013982824190014181,0.01584318196011581,0.0,0.0,0.0,0.0,0.0,0.0,0.007867638744726116,0.0,0.0,0.0,0.0,0.0,0.0,0.0,0.0,0.0,0.0,0.008877617936324654,0.0,0.008790200378215922,0.0,0.0,0.027490371403245402,0.030304042745517408,0.025986622217427376,0.029344625724552452,0.013809309753087076,0.023598465822123212,0.026673289321846406,0.012898759647044344,0.01733873066586669,0.006904654876543538,0.014147448985360057,0.007751696168462892,0.0,0.0,0.0,0.006904654876543538,0.0,0.0,0.0,0.0,0.0,0.0,0.0,0.0,0.0,0.0,0.0,0.0,0.007136134481406372,0.0,0.007136134481406372,0.020018477650012478,0.017653835244279357,0.024138030861204633,0.028876449426885196,0.023598465822123212,0.021183276438744104,0.011447915884331772,0.014557778014025953,0.01757021027072952,0.007136134481406372,0.0,0.007751696168462892,0.0,0.01784955784489867,0.0,0.0,0.0,0.0,0.0,0.0,0.0,0.0,0.0,0.0,0.0,0.0,0.0,0.0,0.0,0.0,0.0,0.007691139420567502,0.0,0.011447915884331772,0.014442628685445824,0.026673289321846406,0.011447915884331772,0.015382278841135005,0.022526032583693813,0.0,0.0,0.014933933529384023,0.007751696168462892,0.0,0.0,0.0,0.0,0.0,0.0,0.0,0.0,0.0,0.0,0.0,0.0,0.0,0.0,0.0,0.0,0.0,0.0,0.0,0.007421643532619581,0.007062197024907305,0.018182892312532326,0.013982824190014181,0.012898759647044344,0.014557778014025953,0.022526032583693813,0.014843287065239161,0.0,0.0,0.01832091080817856,0.007421643532619581,0.0,0.0,0.00836576286308917,0.0,0.0,0.0,0.0,0.0,0.0,0.0,0.0,0.0,0.0,0.0,0.0,0.0,0.0,0.0,0.00775176173429302,0.009756443871392005,0.014027761048698462,0.007301233053366206,0.01584318196011581,0.01733873066586669,0.01757021027072952,0.0,0.0,0.0,0.016723805531551547,0.0,0.0,0.0,0.01043407578932315,0.0,0.0,0.0,0.006965564023791157,0.0,0.0,0.0,0.0,0.0,0.0,0.0,0.0,0.0,0.006965564023791157,0.0,0.0,0.0,0.006640837352651012,0.0,0.020519490287673137,0.0,0.006904654876543538,0.007136134481406372,0.0,0.0,0.016723805531551547,0.0,0.00724279410881652,0.0,0.0,0.0,0.00836576286308917,0.009758241507760392,0.0,0.0,0.0,0.0,0.0,0.0,0.0,0.0,0.0,0.0,0.0,0.0,0.0,0.0,0.0,0.0,0.0,0.007301233053366206,0.0,0.014147448985360057,0.0,0.014933933529384023,0.01832091080817856,0.0,0.00724279410881652,0.0,0.0,0.00724279410881652,0.021542122499171534,0.0,0.0,0.0,0.0,0.0,0.0,0.0,0.0,0.0,0.0,0.0,0.0,0.0,0.0,0.0,0.0,0.0,0.0,0.007062197024907305,0.0,0.0,0.007751696168462892,0.007751696168462892,0.007751696168462892,0.007421643532619581,0.0,0.0,0.0,0.0,0.0,0.0,0.0,0.0,0.0,0.0,0.0,0.0,0.0,0.0,0.0,0.0,0.0,0.0,0.0,0.0,0.0,0.0,0.0,0.006640837352651012,0.0,0.0,0.0,0.0,0.0,0.0,0.0,0.0,0.0,0.00724279410881652,0.0,0.01573527748945223,0.0,0.0,0.0,0.007867638744726116,0.0,0.0,0.0,0.0,0.0,0.0,0.0,0.0,0.0,0.0,0.0,0.008790200378215922,0.0,0.0,0.0,0.0,0.0,0.0,0.0,0.01784955784489867,0.0,0.0,0.01043407578932315,0.0,0.021542122499171534,0.0,0.0,0.0,0.00836576286308917,0.007867638744726116,0.0,0.0,0.0,0.0,0.0,0.0,0.0,0.0,0.0,0.0,0.0,0.0,0.0,0.00836576286308917,0.0,0.0,0.0,0.007301233053366206,0.0,0.0,0.0,0.0,0.00836576286308917,0.0,0.00836576286308917,0.0,0.0,0.0,0.00836576286308917,0.0,0.0,0.0,0.00836576286308917,0.0,0.0,0.0,0.0,0.00836576286308917,0.0,0.0,0.0,0.0,0.0,0.0,0.0,0.0,0.0,0.0,0.0,0.007867638744726116,0.006904654876543538,0.0,0.0,0.0,0.0,0.009758241507760392,0.0,0.0,0.0,0.007867638744726116,0.0,0.0,0.0,0.0,0.0,0.0,0.0,0.0,0.0,0.0,0.0,0.0,0.0,0.0,0.0,0.0,0.0,0.0,0.0,0.0,0.0,0.0,0.0,0.0,0.0,0.0,0.0,0.0,0.0,0.007867638744726116,0.0,0.0,0.0,0.0,0.0,0.007867638744726116,0.005563266134260156,0.0,0.007867638744726116,0.0,0.0,0.0,0.0,0.0,0.0,0.0,0.0,0.0,0.0,0.0,0.0,0.0,0.0,0.0,0.0,0.0,0.006965564023791157,0.0,0.0,0.0,0.0,0.0,0.00836576286308917,0.0,0.0,0.0,0.0,0.0,0.0,0.0,0.0,0.0,0.005563266134260156,0.0,0.0,0.0,0.0,0.0,0.0,0.0,0.0,0.0,0.0,0.0,0.0,0.0,0.0,0.0,0.0,0.0,0.0,0.0,0.0,0.0,0.0,0.007867638744726116,0.0,0.0,0.0,0.0,0.0,0.0,0.0,0.0,0.0,0.0,0.0,0.0,0.0,0.0,0.0,0.0,0.0,0.0,0.0,0.0,0.0,0.0,0.0,0.0,0.0,0.0,0.0,0.0,0.0,0.0,0.005563266134260156,0.0,0.0,0.0,0.0,0.0,0.0,0.0,0.0,0.0,0.0,0.0,0.0,0.0,0.0,0.0,0.0,0.0,0.0,0.0,0.0,0.0,0.0,0.0,0.0,0.0,0.0,0.0,0.0,0.0,0.0,0.0,0.0,0.0,0.0,0.0,0.0,0.0,0.0,0.0,0.0,0.0,0.0,0.0,0.0,0.0,0.0,0.0,0.0,0.0,0.0,0.0,0.0,0.0,0.0,0.0,0.0,0.0,0.0,0.0,0.0,0.0,0.007867638744726116,0.0,0.0,0.0,0.0,0.0,0.0,0.0,0.0,0.0,0.0,0.0,0.0,0.0,0.0,0.0,0.0,0.0,0.0,0.0,0.0,0.0,0.0,0.0,0.0,0.0,0.0,0.0,0.0,0.00836576286308917,0.0,0.0,0.0,0.0,0.0,0.0,0.0,0.0,0.0,0.0,0.0,0.0,0.0,0.0,0.0,0.0,0.0,0.0,0.0,0.0,0.0,0.0,0.0,0.0,0.0,0.0,0.0,0.0,0.0,0.0,0.0,0.0,0.0,0.0,0.0,0.0,0.0,0.0,0.0,0.0,0.0,0.0,0.0,0.0,0.0,0.0,0.0,0.0,0.0,0.0,0.0,0.0,0.0,0.0,0.0,0.0,0.0,0.0,0.0,0.0,0.0,0.0,0.0,0.0,0.005563266134260156,0.0,0.0,0.0,0.0,0.0,0.0,0.0,0.0,0.0,0.0,0.0,0.0,0.0,0.0,0.0,0.0,0.0,0.0,0.0,0.0,0.0,0.0,0.0,0.0,0.0,0.0,0.0,0.0,0.0,0.0,0.0,0.0,0.0,0.0,0.0,0.0,0.0,0.0,0.0,0.0,0.0,0.005563266134260156,0.0,0.0,0.0,0.0,0.0,0.008877617936324654,0.0,0.0,0.0,0.0,0.0,0.0,0.0,0.0,0.0,0.0,0.0,0.0,0.0,0.0,0.0,0.0,0.0,0.0,0.0,0.0,0.0,0.0,0.0,0.0,0.0,0.0,0.0,0.0,0.0,0.0,0.0,0.0,0.0,0.0,0.0,0.006965564023791157,0.0,0.0,0.0,0.0,0.0,0.0,0.0,0.0,0.0,0.0,0.0,0.0,0.0,0.0,0.0,0.0,0.0,0.0,0.0
0.03694299066507559,0.01760962617664457,0.01510587581285219,0.015405145128589471,0.022212810557758027,0.010740658147732188,0.012482572250305527,0.00781807705879256,0.013683078825455938,0.005946608091771835,0.005287193987036455,0.005287193987036455,0.0,0.0,0.0,0.0,0.0,0.0,0.005287193987036455,0.0,0.0,0.0,0.0,0.0,0.0,0.00417100464840117,0.0,0.0,0.0,0.0,0.0,0.01760962617664457,0.04335031805913147,0.017402315615135455,0.022842213201881123,0.018263012070590945,0.014851426527202196,0.0,0.005972151328072823,0.01162912463419531,0.005972151328072823,0.005634286757230379,0.0,0.0,0.0,0.0,0.0,0.0,0.0,0.0,0.0,0.0,0.0,0.0,0.0,0.0,0.0,0.0,0.0,0.0,0.0,0.0,0.01510587581285219,0.017402315615135455,0.025976177619626527,0.036774331417417025,0.03492627185206755,0.021029141901590095,0.018625542550331706,0.005244500219419351,0.0,0.011191108311191186,0.0,0.0,0.0,0.005244500219419351,0.0,0.0,0.0,0.0,0.0,0.005244500219419351,0.0,0.0,0.005244500219419351,0.0,0.0,0.0,0.0,0.0,0.0,0.0,0.0,0.015405145128589471,0.022842213201881123,0.036774331417417025,0.03746993983866209,0.029483560972254762,0.029901764785125486,0.03048226894590212,0.021147662698142805,0.011154899180252847,0.013533676161568744,0.010834501143955181,0.008423352068273054,0.0,0.006514123818023347,0.0,0.0,0.01051543777464825,0.0,0.005200214386724803,0.0,0.0,0.0,0.0,0.0,0.0,0.0,0.0,0.0,0.0,0.0,0.0,0.022212810557758027,0.018263012070590945,0.03492627185206755,0.029483560972254762,0.024025395680047114,0.032171311910210804,0.019446747739789223,0.01922275955623704,0.015548619179120352,0.010575335709186279,0.004878544347690595,0.016216628475964723,0.0,0.0,0.0,0.004878544347690595,0.0,0.0,0.0,0.0,0.0,0.0,0.0,0.0,0.0,0.0,0.0,0.0,0.0,0.0,0.0,0.010740658147732188,0.014851426527202196,0.021029141901590095,0.029901764785125486,0.032171311910210804,0.023875651622427725,0.02574783973557466,0.016688476938827593,0.015056412059550162,0.005453464160695732,0.008041053091776832,0.0,0.005453464160695732,0.0,0.0,0.0,0.0,0.0,0.0,0.0,0.0,0.0,0.0,0.0,0.0,0.0,0.0,0.0,0.0,0.0,0.0,0.012482572250305527,0.0,0.018625542550331706,0.03048226894590212,0.019446747739789223,0.02574783973557466,0.02141328171623484,0.0177184801869235,0.0205779155605506,0.013141986355040908,0.01070664085811742,0.013298741545133025,0.006090825551879717,0.007195378263269072,0.0055920691575759495,0.004875389476859972,0.0,0.0,0.0,0.004875389476859972,0.0,0.004875389476859972,0.0,0.004875389476859972,0.0,0.0,0.0,0.0,0.0,0.0,0.0,0.00781807705879256,0.005972151328072823,0.005244500219419351,0.021147662698142805,0.01922275955623704,0.016688476938827593,0.0177184801869235,0.011694157489918082,0.010898430765330196,0.01684503885710203,0.01284358510665403,0.017070775915323813,0.014738249398930477,0.012361202562982388,0.005847078744959041,0.0,0.007964897906371001,0.0,0.0,0.0,0.0,0.0,0.0,0.0,0.0,0.0,0.0,0.0,0.0,0.0,0.0,0.013683078825455938,0.01162912463419531,0.0,0.011154899180252847,0.015548619179120352,0.015056412059550162,0.0205779155605506,0.010898430765330196,0.016791769676838965,0.01844363342769263,0.01813754786753522,0.0,0.005656973306122488,0.012171097124145835,0.008395884838419482,0.011351893324492946,0.0,0.0,0.0,0.0,0.0,0.005898688115404543,0.0,0.005656973306122488,0.0,0.0,0.0,0.0,0.0,0.00417100464840117,0.0,0.005946608091771835,0.005972151328072823,0.011191108311191186,0.013533676161568744,0.010575335709186279,0.005453464160695732,0.013141986355040908,0.01684503885710203,0.01844363342769263,0.01189321618354367,0.01433285166983243,0.011587900858550278,0.006090825551879717,0.008854233325201232,0.0055920691575759495,0.0,0.005946608091771835,0.0,0.0,0.0,0.0,0.0,0.0,0.00417100464840117,0.005898688115404543,0.0,0.0,0.0,0.0,0.0,0.0,0.005287193987036455,0.005634286757230379,0.0,0.010834501143955181,0.004878544347690595,0.008041053091776832,0.01070664085811742,0.01284358510665403,0.01813754786753522,0.01433285166983243,0.01677248715612119,0.005641292766778442,0.006090825551879717,0.012148410575253725,0.013978312735636544,0.005634286757230379,0.005315223387923448,0.005634286757230379,0.0,0.0,0.005694920018370459,0.005634286757230379,0.0,0.0,0.0,0.0,0.0,0.0,0.0,0.0,0.0,0.005287193987036455,0.0,0.0,0.008423352068273054,0.016216628475964723,0.0,0.013298741545133025,0.017070775915323813,0.0,0.011587900858550278,0.005641292766778442,0.0,0.005641292766778442,0.0,0.0,0.0,0.007964897906371001,0.0,0.005641292766778442,0.0,0.005694920018370459,0.0,0.0,0.0,0.0,0.0,0.0,0.0,0.0,0.0,0.0,0.0,0.0,0.0,0.0,0.0,0.005453464160695732,0.006090825551879717,0.014738249398930477,0.005656973306122488,0.006090825551879717,0.006090825551879717,0.005641292766778442,0.012181651103759433,0.0,0.0055920691575759495,0.006090825551879717,0.005315223387923448,0.0,0.0,0.0,0.0,0.0,0.006090825551879717,0.0,0.0,0.0,0.0,0.0,0.0,0.0,0.0,0.0,0.0,0.005244500219419351,0.006514123818023347,0.0,0.0,0.007195378263269072,0.012361202562982388,0.012171097124145835,0.008854233325201232,0.012148410575253725,0.0,0.0,0.013028247636046694,0.0055920691575759495,0.0,0.005315223387923448,0.0,0.0,0.0,0.0,0.0,0.0,0.0,0.0,0.0,0.0,0.0,0.0,0.0,0.0,0.0,0.0,0.0,0.0,0.0,0.0,0.0055920691575759495,0.005847078744959041,0.008395884838419482,0.0055920691575759495,0.013978312735636544,0.0,0.0055920691575759495,0.0055920691575759495,0.0,0.0,0.0,0.0,0.0,0.0,0.0,0.0,0.0,0.0,0.0,0.0,0.0,0.0,0.0,0.0,0.0,0.0,0.0,0.0,0.0,0.004878544347690595,0.0,0.004875389476859972,0.0,0.011351893324492946,0.0,0.005634286757230379,0.0,0.006090825551879717,0.0,0.0,0.011389840036740918,0.0,0.0,0.0,0.0,0.0,0.005694920018370459,0.0,0.0,0.005694920018370459,0.0,0.0,0.0,0.0,0.0,0.0,0.0,0.0,0.0,0.01051543777464825,0.0,0.0,0.0,0.007964897906371001,0.0,0.005946608091771835,0.005315223387923448,0.007964897906371001,0.005315223387923448,0.005315223387923448,0.0,0.0,0.0,0.0,0.0,0.005315223387923448,0.0,0.0,0.0,0.0,0.005898688115404543,0.0,0.0,0.0,0.0,0.0,0.0,0.0,0.0,0.0,0.0,0.0,0.0,0.0,0.0,0.0,0.0,0.005634286757230379,0.0,0.0,0.0,0.0,0.0,0.0,0.0,0.0,0.0,0.005694920018370459,0.010069692763805713,0.0,0.0,0.0,0.0,0.0,0.0,0.0,0.0,0.0,0.005287193987036455,0.0,0.0,0.005200214386724803,0.0,0.0,0.0,0.0,0.0,0.0,0.0,0.005641292766778442,0.0,0.0,0.0,0.0,0.0,0.0,0.0,0.005898688115404543,0.0,0.0,0.0,0.0,0.0,0.0,0.0,0.0,0.0,0.0,0.0,0.0,0.0,0.005244500219419351,0.0,0.0,0.0,0.004875389476859972,0.0,0.0,0.0,0.0,0.0,0.0,0.0,0.0,0.0,0.005315223387923448,0.0,0.005898688115404543,0.0,0.0,0.005898688115404543,0.0,0.0,0.0,0.0,0.0,0.0,0.0,0.0,0.0,0.0,0.0,0.0,0.0,0.0,0.0,0.0,0.0,0.0,0.0,0.005694920018370459,0.005694920018370459,0.0,0.0,0.0,0.0,0.0,0.005694920018370459,0.0,0.0,0.0,0.0,0.0,0.0,0.0,0.0,0.0,0.0,0.0,0.005694920018370459,0.0,0.0,0.0,0.0,0.0,0.0,0.0,0.004875389476859972,0.0,0.005898688115404543,0.0,0.005634286757230379,0.0,0.0,0.0,0.0,0.005694920018370459,0.0,0.010069692763805713,0.0,0.005898688115404543,0.0,0.0,0.0,0.0,0.0,0.0,0.0,0.0,0.0,0.0,0.0,0.0,0.0,0.005244500219419351,0.0,0.0,0.0,0.0,0.0,0.0,0.0,0.0,0.0,0.006090825551879717,0.0,0.0,0.0,0.0,0.0,0.0,0.0,0.0,0.0,0.0,0.0,0.0,0.0,0.0,0.0,0.0,0.0,0.0,0.0,0.0,0.0,0.0,0.0,0.0,0.004875389476859972,0.0,0.005656973306122488,0.00417100464840117,0.0,0.0,0.0,0.0,0.0,0.0,0.0,0.0,0.0,0.0,0.0,0.0,0.0,0.0,0.0,0.0,0.0,0.0,0.0,0.0,0.0,0.0,0.0,0.0,0.0,0.0,0.0,0.0,0.0,0.0,0.005898688115404543,0.0,0.0,0.0,0.0,0.0,0.005694920018370459,0.005898688115404543,0.0,0.0,0.0,0.0,0.0,0.0,0.0,0.0,0.0,0.0,0.0,0.0,0.0,0.00417100464840117,0.00417100464840117,0.0,0.0,0.0,0.0,0.0,0.0,0.0,0.0,0.0,0.0,0.0,0.0,0.0,0.0,0.0,0.0,0.0,0.0,0.0,0.0,0.0,0.0,0.0,0.0,0.0,0.0,0.0,0.0,0.0,0.0,0.0,0.0,0.0,0.0,0.0,0.0,0.0,0.0,0.0,0.0,0.0,0.0,0.0,0.0,0.0,0.0,0.0,0.0,0.0,0.0,0.0,0.0,0.0,0.0,0.0,0.0,0.0,0.0,0.0,0.0,0.0,0.0,0.0,0.0,0.0,0.0,0.0,0.0,0.0,0.0,0.0,0.0,0.0,0.0,0.0,0.0,0.0,0.0,0.0,0.0,0.0,0.0,0.0,0.0,0.0,0.0,0.0,0.0,0.0,0.0,0.0,0.0,0.0,0.0,0.0,0.0,0.0,0.0,0.0,0.0,0.0,0.0,0.0,0.0,0.0,0.0,0.0,0.0,0.0,0.0,0.0,0.0,0.0,0.0,0.0,0.0,0.0,0.0,0.0,0.0,0.0,0.0,0.0,0.0,0.0,0.0,0.0,0.0,0.0,0.0,0.0,0.00417100464840117,0.0,0.0,0.0,0.0,0.0,0.0,0.0,0.0,0.0,0.0,0.0,0.005694920018370459,0.0,0.0,0.0,0.0,0.0,0.0,0.0,0.0,0.0,0.0,0.0,0.0,0.0,0.0,0.0,0.0,0.0,0.0,0.0,0.0,0.0,0.0,0.0,0.0,0.0,0.0,0.0,0.0,0.0,0.0,0.0,0.0,0.0,0.0,0.00417100464840117,0.0,0.0,0.0,0.0,0.0,0.0
0.04559993270996418,0.024387666868152136,0.011390608631327407,0.02069020477478868,0.022219688804834672,0.021197256226922364,0.009181378556706506,0.013445047983903929,0.016221623239670413,0.00511153277227309,0.016623939400596713,0.015035058531417983,0.010121676614399595,0.008143169377421686,0.010972309989472821,0.013714681465006803,0.006091679243362879,0.0,0.007669167544285191,0.0,0.0,0.0,0.00861006929229374,0.0,0.006175560656431179,0.0,0.0,0.0,0.0,0.0,0.0,0.024387666868152136,0.03230299636815276,0.029194953528322097,0.019302752567011167,0.01275219888456448,0.007850551999513913,0.010231520552918988,0.005284614145949548,0.005033610791159683,0.0,0.005284614145949548,0.0,0.0,0.0,0.0,0.0,0.0,0.0,0.0,0.0,0.0,0.0,0.0,0.0,0.0,0.0,0.0,0.0,0.0,0.0,0.0,0.011390608631327407,0.029194953528322097,0.03148801772474652,0.03354033397734517,0.01705069959154021,0.01682786773927184,0.018827485141696645,0.0,0.007448490505087484,0.010281628638953835,0.0,0.0,0.0,0.0,0.0,0.0,0.0,0.0,0.0,0.0,0.0,0.0,0.0,0.0,0.0,0.0,0.0,0.0,0.0,0.0,0.0,0.02069020477478868,0.019302752567011167,0.03354033397734517,0.04432654155453532,0.011096683716867766,0.022151655287192405,0.016857826487661112,0.01811626653017203,0.0,0.015190583636507951,0.0,0.012115381356506104,0.0,0.0,0.0,0.0,0.0,0.0,0.0,0.0,0.0,0.0,0.0,0.0,0.0,0.0,0.0,0.0,0.0,0.0,0.0,0.022219688804834672,0.01275219888456448,0.01705069959154021,0.011096683716867766,0.0376470421956345,0.02728049323139051,0.019911085448928025,0.019921372591555023,0.01881045982511058,0.007589429260208814,0.005067549439243805,0.0,0.006828026004123704,0.005067549439243805,0.005860777217199731,0.0,0.0,0.0,0.0,0.0,0.0,0.005860777217199731,0.0,0.0,0.0,0.0,0.0,0.0,0.0,0.0,0.0,0.021197256226922364,0.007850551999513913,0.01682786773927184,0.022151655287192405,0.02728049323139051,0.03472929848491667,0.021546835345145635,0.022172884026463988,0.014919253880095334,0.0053282730619001436,0.010497721170930539,0.00695263969831928,0.010121676614399595,0.0,0.005860777217199731,0.0057699360968511,0.0,0.0,0.0,0.0,0.0,0.0053282730619001436,0.0,0.0053282730619001436,0.0,0.0,0.0,0.0,0.0,0.0,0.0,0.009181378556706506,0.010231520552918988,0.018827485141696645,0.016857826487661112,0.019911085448928025,0.021546835345145635,0.0388609007810591,0.027912218933852352,0.021942516745833043,0.018421855538644533,0.014683206202960153,0.0,0.014116921941314246,0.013090075784391125,0.0,0.004946906406969439,0.0,0.0,0.0,0.0,0.0,0.0,0.0,0.0,0.0,0.0,0.0,0.0,0.0,0.0,0.0,0.013445047983903929,0.005284614145949548,0.0,0.01811626653017203,0.019921372591555023,0.022172884026463988,0.027912218933852352,0.021030224307745784,0.007448490505087484,0.02186141550677502,0.005629888874891735,0.012582528573211016,0.0,0.0,0.0,0.0,0.0,0.0,0.0,0.0,0.0,0.005629888874891735,0.0,0.0,0.0,0.0,0.0,0.0,0.0,0.0,0.0,0.016221623239670413,0.005033610791159683,0.007448490505087484,0.0,0.01881045982511058,0.014919253880095334,0.021942516745833043,0.007448490505087484,0.025296235722570094,0.023658111628861327,0.018960897133411106,0.011986250489478963,0.005033610791159683,0.008143169377421686,0.005033610791159683,0.005033610791159683,0.0,0.0,0.0,0.0,0.0,0.0,0.0,0.0,0.0,0.0,0.0,0.0,0.0043715768442975774,0.0,0.0,0.00511153277227309,0.0,0.010281628638953835,0.015190583636507951,0.007589429260208814,0.0053282730619001436,0.018421855538644533,0.02186141550677502,0.023658111628861327,0.019194998586194383,0.015281888986790608,0.007589429260208814,0.00511153277227309,0.0157325986376305,0.00511153277227309,0.0,0.0,0.0,0.0,0.0,0.0,0.0,0.00511153277227309,0.0,0.0,0.0,0.0,0.0,0.0,0.0,0.0,0.016623939400596713,0.005284614145949548,0.0,0.0,0.005067549439243805,0.010497721170930539,0.014683206202960153,0.005629888874891735,0.018960897133411106,0.015281888986790608,0.01538491945316359,0.007692459726581795,0.005169448109030394,0.007692459726581795,0.005169448109030394,0.008603148692733712,0.0,0.0,0.005169448109030394,0.0,0.0,0.0,0.0,0.0,0.0,0.0,0.0,0.0,0.0,0.0,0.0,0.015035058531417983,0.0,0.0,0.012115381356506104,0.0,0.00695263969831928,0.0,0.012582528573211016,0.011986250489478963,0.007589429260208814,0.007692459726581795,0.0,0.0,0.005436704528485176,0.0,0.01272257579517038,0.0,0.00695263969831928,0.0,0.007555170146792577,0.0,0.0,0.0,0.0,0.0,0.0,0.0,0.0,0.0,0.0,0.0,0.010121676614399595,0.0,0.0,0.0,0.006828026004123704,0.010121676614399595,0.014116921941314246,0.0,0.005033610791159683,0.00511153277227309,0.005169448109030394,0.0,0.013656052008247408,0.006828026004123704,0.005860777217199731,0.0,0.006091679243362879,0.0,0.0,0.0,0.0,0.0,0.0,0.008419423899566132,0.0,0.0,0.0,0.0,0.0,0.0,0.0,0.008143169377421686,0.0,0.0,0.0,0.005067549439243805,0.0,0.013090075784391125,0.0,0.008143169377421686,0.0157325986376305,0.007692459726581795,0.005436704528485176,0.006828026004123704,0.0,0.0,0.0,0.0,0.0,0.0,0.005436704528485176,0.005436704528485176,0.005860777217199731,0.005436704528485176,0.0,0.0,0.0,0.0,0.0,0.0,0.0,0.0,0.010972309989472821,0.0,0.0,0.0,0.005860777217199731,0.005860777217199731,0.0,0.0,0.005033610791159683,0.00511153277227309,0.005169448109030394,0.0,0.005860777217199731,0.0,0.0,0.005860777217199731,0.006091679243362879,0.0,0.0,0.0,0.0,0.0,0.0,0.0,0.0,0.0,0.0,0.0,0.0,0.0,0.0,0.013714681465006803,0.0,0.0,0.0,0.0,0.0057699360968511,0.004946906406969439,0.0,0.005033610791159683,0.0,0.008603148692733712,0.01272257579517038,0.0,0.0,0.005860777217199731,0.0,0.0,0.0,0.0,0.0,0.0,0.0,0.0,0.0,0.0,0.0,0.0,0.0,0.0,0.0,0.0,0.006091679243362879,0.0,0.0,0.0,0.0,0.0,0.0,0.0,0.0,0.0,0.0,0.0,0.006091679243362879,0.0,0.006091679243362879,0.0,0.0,0.0,0.0,0.0,0.0,0.005860777217199731,0.0,0.0,0.0,0.0,0.0,0.0,0.0,0.0,0.0,0.0,0.0,0.0,0.0,0.0,0.0,0.0,0.0,0.0,0.0,0.0,0.00695263969831928,0.0,0.0,0.0,0.0,0.0,0.0,0.0,0.0,0.0,0.0,0.01480602509849021,0.0,0.0,0.0,0.0,0.0,0.0,0.0,0.0,0.007669167544285191,0.0,0.0,0.0,0.0,0.0,0.0,0.0,0.0,0.0,0.005169448109030394,0.0,0.0,0.0,0.0,0.0,0.0,0.0,0.0,0.007669167544285191,0.007669167544285191,0.0,0.0,0.0,0.0,0.0,0.0,0.0,0.0,0.0,0.0,0.0,0.0,0.0,0.0,0.0,0.0,0.0,0.0,0.0,0.0,0.0,0.007555170146792577,0.0,0.005436704528485176,0.0,0.0,0.0,0.0,0.007669167544285191,0.0,0.0,0.0,0.0,0.0,0.0,0.0,0.0,0.0,0.0,0.0,0.0,0.0,0.0,0.0,0.0,0.0,0.0,0.0,0.0,0.0,0.0,0.0,0.0,0.0,0.005436704528485176,0.0,0.0,0.0,0.0,0.007669167544285191,0.0,0.0,0.0,0.0,0.0,0.0,0.0,0.0,0.0,0.0,0.0,0.0,0.0,0.0,0.0,0.0,0.005860777217199731,0.0053282730619001436,0.0,0.005629888874891735,0.0,0.0,0.0,0.0,0.0,0.005860777217199731,0.0,0.0,0.005860777217199731,0.0,0.0,0.0,0.0,0.0,0.0,0.005860777217199731,0.0,0.0,0.0,0.005860777217199731,0.0,0.0,0.0,0.00861006929229374,0.0,0.0,0.0,0.0,0.0,0.0,0.0,0.0,0.00511153277227309,0.0,0.0,0.0,0.005436704528485176,0.0,0.0,0.0,0.01480602509849021,0.0,0.0,0.0,0.0,0.0,0.0,0.0,0.0,0.0,0.0,0.0,0.0,0.0,0.0,0.0,0.0,0.0,0.0,0.0053282730619001436,0.0,0.0,0.0,0.0,0.0,0.0,0.008419423899566132,0.0,0.0,0.0,0.0,0.0,0.0,0.0,0.0,0.005860777217199731,0.0,0.016838847799132264,0.0,0.0,0.0,0.0,0.0,0.0,0.0,0.006175560656431179,0.0,0.0,0.0,0.0,0.0,0.0,0.0,0.0,0.0,0.0,0.0,0.0,0.0,0.0,0.0,0.0,0.0,0.0,0.0,0.0,0.0,0.0,0.0,0.0,0.0,0.0,0.0,0.0,0.0,0.0,0.0,0.0,0.0,0.0,0.0,0.0,0.0,0.0,0.0,0.0,0.0,0.0,0.0,0.0,0.0,0.0,0.0,0.0,0.0,0.0,0.0,0.0,0.0,0.0,0.0,0.0,0.0,0.0,0.0,0.0,0.0,0.0,0.0,0.0,0.0,0.0,0.0,0.0,0.0,0.0,0.0,0.0,0.0,0.0,0.0,0.0,0.0,0.0,0.0,0.0,0.0,0.0,0.0,0.0,0.0,0.0,0.0,0.0,0.0,0.0,0.0,0.0,0.0,0.0,0.0,0.0,0.0,0.0,0.0,0.0,0.0,0.0,0.0,0.0,0.0,0.0,0.0,0.0,0.0,0.0,0.0,0.0,0.0,0.005860777217199731,0.0,0.0,0.0,0.0,0.0,0.0,0.0,0.0,0.0,0.0,0.0,0.0,0.0,0.0,0.0,0.0,0.0,0.0043715768442975774,0.0,0.0,0.0,0.0,0.0,0.0,0.0,0.0,0.0,0.0,0.0,0.0,0.0,0.0,0.0,0.0,0.0,0.0,0.0,0.0,0.0,0.0,0.0,0.0,0.0,0.0,0.0,0.0,0.0,0.0,0.0,0.0,0.0,0.0,0.0,0.0,0.0,0.0,0.0,0.0,0.0,0.0,0.0,0.0,0.0,0.0,0.0,0.0,0.0,0.0,0.0,0.0,0.0,0.0,0.0,0.0,0.0,0.0,0.0,0.0,0.0,0.0,0.0,0.0,0.0,0.0,0.0,0.0,0.0,0.0,0.0,0.0,0.0,0.0,0.0,0.0,0.0,0.0,0.0,0.0,0.0,0.0,0.0,0.0
0.03931146451830935,0.029137817990336885,0.039789048379113214,0.02548675974697855,0.02790605778743617,0.030934997286207074,0.026049703866115898,0.013447537848471386,0.020675423907179857,0.013447537848471386,0.010786388028021766,0.019314761548255087,0.0,0.007429939351166084,0.007429939351166084,0.010786388028021766,0.0,0.0,0.0,0.007429939351166084,0.0,0.0,0.0,0.014449297442494386,0.0,0.0,0.0,0.0,0.0,0.0,0.0,0.029137817990336885,0.028420311641800818,0.03980839909350341,0.019953069287004292,0.02202509958802322,0.014119639786361313,0.007724226667271187,0.0,0.0,0.007724226667271187,0.006037124625430474,0.0,0.0,0.0,0.0,0.0,0.0,0.0,0.0,0.0,0.0,0.0,0.0,0.0,0.0,0.0,0.0,0.0,0.0,0.0,0.0,0.039789048379113214,0.03980839909350341,0.03239856195766506,0.03865847563781993,0.023198978611621297,0.01879116434569175,0.017895632946208547,0.0068068595541037535,0.007511899318639351,0.006826991625373605,0.008969055632424111,0.007511899318639351,0.0,0.0,0.0,0.0,0.0,0.0057429873573734535,0.0,0.0,0.0,0.0,0.0,0.0,0.0,0.0,0.0,0.0,0.0,0.0,0.0,0.02548675974697855,0.019953069287004292,0.03865847563781993,0.03255233520814038,0.01943753194965635,0.02102757838551168,0.026659901231639388,0.013450226339074292,0.016451658162301312,0.0,0.0,0.0,0.0,0.0,0.0,0.0,0.0,0.0,0.0,0.0,0.0,0.0,0.0,0.0,0.0,0.0,0.0,0.0,0.0,0.0,0.0,0.02790605778743617,0.02202509958802322,0.023198978611621297,0.01943753194965635,0.024335222797833806,0.032747502171620604,0.01222327001230248,0.0065870944179490685,0.01647613029710716,0.022237979077097278,0.0,0.0065870944179490685,0.0,0.005788192810722688,0.0,0.0,0.0057429873573734535,0.0,0.0,0.0,0.0,0.0,0.0,0.0,0.0,0.0,0.0,0.0,0.0,0.0,0.0,0.030934997286207074,0.014119639786361313,0.01879116434569175,0.02102757838551168,0.032747502171620604,0.03309889033869858,0.02799529194101502,0.028002534448034095,0.014588470829778126,0.023925378780589666,0.013246809432821829,0.00769908645655567,0.0,0.0,0.0,0.0,0.0,0.0,0.0,0.0,0.0,0.0,0.0,0.0,0.0,0.0,0.0,0.0,0.0,0.0,0.0,0.026049703866115898,0.007724226667271187,0.017895632946208547,0.026659901231639388,0.01222327001230248,0.02799529194101502,0.027751304309307417,0.02390729313452877,0.02211230589146057,0.023029847381106465,0.014300822320817723,0.012460622290499506,0.008263697695387248,0.005624576811993584,0.0,0.0,0.0,0.0,0.0,0.0,0.0,0.0,0.0,0.0,0.0,0.0,0.0,0.0,0.0,0.0,0.0,0.013447537848471386,0.0,0.0068068595541037535,0.013450226339074292,0.0065870944179490685,0.028002534448034095,0.02390729313452877,0.025195700221333432,0.019301194914508747,0.01942484173604032,0.006037124625430474,0.0068068595541037535,0.01801265296866034,0.0,0.009603001684219462,0.0,0.0,0.0,0.0068068595541037535,0.0,0.0,0.0,0.0,0.0,0.0,0.0,0.0,0.0,0.0,0.0,0.0,0.020675423907179857,0.0,0.007511899318639351,0.016451658162301312,0.01647613029710716,0.014588470829778126,0.02211230589146057,0.019301194914508747,0.013406689607684059,0.02154289589156072,0.006037124625430474,0.020952322715532802,0.0,0.012491537614564717,0.006703344803842029,0.0,0.0,0.0,0.0,0.00782130576021623,0.0,0.0,0.0,0.0,0.0,0.0,0.0,0.0,0.0,0.0,0.0,0.013447537848471386,0.007724226667271187,0.006826991625373605,0.0,0.022237979077097278,0.023925378780589666,0.023029847381106465,0.01942484173604032,0.02154289589156072,0.020140735356360753,0.012864116250804079,0.01928761391587311,0.0,0.0,0.0,0.009603001684219462,0.0,0.0,0.0,0.0,0.0,0.0,0.0,0.0,0.0,0.0,0.0,0.0,0.0,0.0,0.0,0.010786388028021766,0.006037124625430474,0.008969055632424111,0.0,0.0,0.013246809432821829,0.014300822320817723,0.006037124625430474,0.006037124625430474,0.012864116250804079,0.0,0.0,0.006037124625430474,0.005788192810722688,0.0,0.0,0.006037124625430474,0.0,0.0,0.0,0.0,0.0,0.0,0.0,0.0,0.0,0.0,0.0,0.0,0.0,0.0,0.019314761548255087,0.0,0.007511899318639351,0.0,0.0065870944179490685,0.00769908645655567,0.012460622290499506,0.0068068595541037535,0.020952322715532802,0.01928761391587311,0.0,0.017056747040466644,0.0,0.017150107516699827,0.0,0.0,0.0,0.0,0.0,0.0,0.0,0.0,0.0056588778228318665,0.0,0.0,0.0,0.0,0.004060907410242154,0.0,0.0,0.0,0.0,0.0,0.0,0.0,0.0,0.0,0.008263697695387248,0.01801265296866034,0.0,0.0,0.006037124625430474,0.0,0.0,0.005788192810722688,0.0,0.0,0.0,0.013984964172913847,0.0,0.0,0.0,0.0,0.0,0.0,0.0,0.0,0.0,0.0,0.0,0.0,0.0,0.007429939351166084,0.0,0.0,0.0,0.005788192810722688,0.0,0.005624576811993584,0.0,0.012491537614564717,0.0,0.005788192810722688,0.017150107516699827,0.005788192810722688,0.011576385621445376,0.01539119449494215,0.009603001684219462,0.0,0.0,0.0,0.0,0.0,0.0,0.0,0.0,0.0,0.0,0.0,0.0,0.0,0.0,0.0,0.007429939351166084,0.0,0.0,0.0,0.0,0.0,0.0,0.009603001684219462,0.006703344803842029,0.0,0.0,0.0,0.0,0.01539119449494215,0.0,0.0,0.0,0.0,0.0,0.0,0.0,0.0,0.0,0.0,0.0,0.0,0.0,0.0,0.0,0.0,0.0,0.010786388028021766,0.0,0.0,0.0,0.0,0.0,0.0,0.0,0.0,0.009603001684219462,0.0,0.0,0.0,0.009603001684219462,0.0,0.0,0.0,0.0,0.004060907410242154,0.0,0.0,0.0,0.0,0.0,0.0,0.0,0.0,0.0,0.0,0.0,0.0,0.0,0.0,0.0,0.0,0.0057429873573734535,0.0,0.0,0.0,0.0,0.0,0.006037124625430474,0.0,0.0,0.0,0.0,0.0,0.011485974714746907,0.0,0.0,0.0,0.0,0.0,0.0,0.0,0.0,0.0,0.0,0.0,0.0,0.0,0.0,0.0,0.0,0.0057429873573734535,0.0,0.0,0.0,0.0,0.0,0.0,0.0,0.0,0.0,0.013984964172913847,0.0,0.0,0.0,0.0,0.0,0.0,0.0,0.0,0.0,0.0,0.0,0.0057429873573734535,0.0,0.0,0.0,0.0,0.0,0.0,0.0,0.0,0.0,0.0,0.0,0.0,0.0,0.0068068595541037535,0.0,0.0,0.0,0.0,0.0,0.0,0.0,0.004060907410242154,0.0,0.0,0.0,0.00782130576021623,0.0,0.0,0.0,0.0,0.0,0.0,0.0,0.0,0.0,0.0,0.0,0.007429939351166084,0.0,0.0,0.0,0.0,0.0,0.0,0.0,0.00782130576021623,0.0,0.0,0.0,0.0,0.0,0.0,0.0,0.0,0.0,0.00782130576021623,0.0,0.00782130576021623,0.0,0.0,0.0,0.0,0.0,0.0,0.0,0.0,0.0,0.0,0.0,0.0,0.0,0.0,0.0,0.0,0.0,0.0,0.0,0.0,0.0,0.0,0.0,0.0,0.0,0.0,0.0,0.0,0.0,0.00782130576021623,0.0,0.0,0.0056588778228318665,0.0,0.00782130576021623,0.0,0.0,0.0,0.0,0.0,0.0,0.0,0.0,0.0,0.0,0.0,0.0,0.0,0.0,0.0,0.0,0.0,0.0,0.0,0.0,0.0,0.0,0.0,0.0,0.0,0.0,0.0,0.0,0.0,0.0,0.0,0.0,0.0,0.0,0.0,0.0,0.0057371390953440855,0.0,0.0,0.0,0.0,0.0,0.0,0.0,0.0,0.0,0.0,0.0,0.0056588778228318665,0.0,0.0,0.0,0.0,0.0,0.0,0.0,0.0,0.0056588778228318665,0.0,0.0,0.0056588778228318665,0.0,0.0,0.0,0.0,0.0,0.0,0.0,0.014449297442494386,0.0,0.0,0.0,0.0,0.0,0.0,0.0,0.0,0.0,0.0,0.0,0.0,0.0,0.0,0.0,0.0,0.0,0.0,0.0,0.0,0.0,0.0056588778228318665,0.0,0.0,0.0,0.0,0.0,0.0,0.0,0.0,0.0,0.0,0.0,0.0,0.0,0.0,0.0,0.0,0.0,0.0,0.0,0.0,0.0,0.0,0.0,0.0,0.0,0.0057429873573734535,0.0,0.0,0.00782130576021623,0.0,0.0,0.0,0.0,0.0,0.0,0.0,0.0,0.0,0.0,0.0,0.0,0.0,0.0,0.0,0.0,0.0,0.0,0.0,0.0,0.0,0.0,0.0,0.0,0.0,0.0,0.0,0.0,0.0,0.0,0.0,0.0,0.0,0.0,0.0,0.0,0.0,0.0,0.0,0.0,0.0,0.0,0.0,0.0,0.0,0.0,0.0,0.0,0.0,0.0,0.0,0.0,0.0,0.0,0.0,0.0,0.0,0.0,0.0,0.0,0.0,0.0,0.0,0.0,0.0,0.0,0.0,0.0,0.0,0.0,0.0,0.0,0.0,0.0,0.0,0.0,0.0,0.0,0.0,0.0,0.0,0.0,0.0,0.004060907410242154,0.0,0.0,0.0,0.0,0.0,0.0,0.0,0.0,0.0,0.0,0.0,0.0,0.0,0.0,0.0,0.0,0.0,0.0,0.0,0.0,0.0,0.0,0.0,0.0,0.0,0.0,0.0,0.0,0.0,0.0,0.0,0.0,0.0,0.0,0.0,0.0,0.0,0.0,0.0,0.0,0.0,0.0,0.0,0.0,0.0,0.0,0.0,0.0,0.0,0.0,0.0,0.0,0.0,0.0,0.0,0.0,0.0,0.0,0.0,0.0,0.0,0.0,0.0,0.0,0.0,0.0,0.0,0.0,0.0,0.0,0.0,0.0,0.0,0.0,0.0,0.0,0.0,0.0,0.0,0.0,0.0,0.0,0.0,0.0,0.0,0.0,0.0,0.0,0.0,0.0,0.0,0.0,0.0,0.0,0.0,0.0,0.0,0.0,0.0,0.0,0.0,0.0,0.0057371390953440855,0.0,0.0,0.0,0.0,0.0,0.0,0.0,0.0,0.0
